 tig   hcp
 1.0 0.0 0.0
 0.0 1.0 0.0
 0.0 0.0 1.0
 len 65.34676276040126 5.804303241598197 65.51833432953934
 latpar 1.0
 nd 1056
 Ti 0.11538461538461539 0.5604828591257686 0.07142857142857144 0.0 0.0 
 Ti 0.07692307692307691 0.3142724406643668 0.07142857142857144 0.0 0.0 
 Ti 0.08974358974361538 0.5665031417808746 0.10714285714285716 0.0 0.0 
 Ti 0.12820512820515384 0.3125944998028171 0.10714285714285716 0.0 0.0 
 Ti 0.11538461538461539 0.5677187691632638 0.14285714285714288 0.0 0.0 
 Ti 0.07692307692307691 0.32144803958719276 0.14285714285714288 0.0 0.0 
 Ti 0.08974358974361538 0.5743132954435978 0.17857142857142858 0.0 0.0 
 Ti 0.12820512820515384 0.32052096909242495 0.17857142857142858 0.0 0.0 
 Ti 0.11538461538461539 0.5763215158476217 0.21428571428571433 0.0 0.0 
 Ti 0.07692307692307691 0.3298234309723022 0.21428571428571433 0.0 0.0 
 Ti 0.08974358974361538 0.5834440048080914 0.25 0.0 0.0 
 Ti 0.12820512820515384 0.329979029104555 0.25 0.0 0.0 
 Ti 0.11538461538461539 0.5864533451296392 0.28571428571428575 0.0 0.0 
 Ti 0.07692307692307691 0.3394905031899641 0.28571428571428575 0.0 0.0 
 Ti 0.08974358974361538 0.5939552298077229 0.32142857142857145 0.0 0.0 
 Ti 0.12820512820515384 0.341106764142781 0.32142857142857145 0.0 0.0 
 Ti 0.11538461538461539 0.5981406109828971 0.35714285714285715 0.0 0.0 
 Ti 0.07692307692307691 0.3504201337223073 0.35714285714285715 0.0 0.0 
 Ti 0.08974358974361538 0.6057369705751148 0.3928571428571429 0.0 0.0 
 Ti 0.12820512820515384 0.35383660369463954 0.3928571428571429 0.0 0.0 
 Ti 0.11538461538461539 0.6111577705076583 0.42857142857142866 0.0 0.0 
 Ti 0.07692307692307691 0.36239064587525815 0.42857142857142866 0.0 0.0 
 Ti 0.08974358974361538 0.6184386250523999 0.4642857142857143 0.0 0.0 
 Ti 0.12820512820515384 0.36776760045578166 0.4642857142857143 0.0 0.0 
 Ti 0.11538461538461539 0.624959012272469 0.5 0.0 0.0 
 Ti 0.07692307692307691 0.37495901227246886 0.5 0.0 0.0 
 Ti 0.08974358974361538 0.6314793994925378 0.5357142857142857 0.0 0.0 
 Ti 0.12820512820515384 0.382150424089156 0.5357142857142857 0.0 0.0 
 Ti 0.11538461538461539 0.6387602540372794 0.5714285714285715 0.0 0.0 
 Ti 0.07692307692307691 0.3875273786696796 0.5714285714285715 0.0 0.0 
 Ti 0.08974358974361538 0.644181053969823 0.6071428571428572 0.0 0.0 
 Ti 0.12820512820515384 0.3960814208502983 0.6071428571428572 0.0 0.0 
 Ti 0.11538461538461539 0.6517774135620407 0.6428571428571429 0.0 0.0 
 Ti 0.07692307692307691 0.3994978908226305 0.6428571428571429 0.0 0.0 
 Ti 0.08974358974361538 0.6559627947372149 0.6785714285714286 0.0 0.0 
 Ti 0.12820512820515384 0.4088112604021567 0.6785714285714286 0.0 0.0 
 Ti 0.11538461538461539 0.6634646794152984 0.7142857142857143 0.0 0.0 
 Ti 0.07692307692307691 0.4104275213549737 0.7142857142857143 0.0 0.0 
 Ti 0.08974358974361538 0.6664740197368463 0.75 0.0 0.0 
 Ti 0.12820512820515384 0.4199389954403827 0.75 0.0 0.0 
 Ti 0.11538461538461539 0.673596508697316 0.7857142857142858 0.0 0.0 
 Ti 0.07692307692307691 0.42009459357263557 0.7857142857142858 0.0 0.0 
 Ti 0.08974358974361538 0.67560472910134 0.8214285714285715 0.0 0.0 
 Ti 0.12820512820515384 0.4293970554525129 0.8214285714285715 0.0 0.0 
 Ti 0.11538461538461539 0.6821992553816739 0.8571428571428573 0.0 0.0 
 Ti 0.07692307692307691 0.4284699849577449 0.8571428571428573 0.0 0.0 
 Ti 0.08974358974361538 0.6834148827640633 0.8928571428571429 0.0 0.0 
 Ti 0.12820512820515384 0.43732352474212066 0.8928571428571429 0.0 0.0 
 Ti 0.11538461538461539 1.0604828591257685 0.07142857142857144 0.0 0.0 
 Ti 0.07692307692307691 0.8142724406643668 0.07142857142857144 0.0 0.0 
 Ti 0.08974358974361538 1.0665031417808746 0.10714285714285716 0.0 0.0 
 Ti 0.12820512820515384 0.8125944998028171 0.10714285714285716 0.0 0.0 
 Ti 0.11538461538461539 1.0677187691632637 0.14285714285714288 0.0 0.0 
 Ti 0.07692307692307691 0.8214480395871928 0.14285714285714288 0.0 0.0 
 Ti 0.08974358974361538 1.0743132954435979 0.17857142857142858 0.0 0.0 
 Ti 0.12820512820515384 0.8205209690924248 0.17857142857142858 0.0 0.0 
 Ti 0.11538461538461539 1.0763215158476218 0.21428571428571433 0.0 0.0 
 Ti 0.07692307692307691 0.8298234309723022 0.21428571428571433 0.0 0.0 
 Ti 0.08974358974361538 1.0834440048080916 0.25 0.0 0.0 
 Ti 0.12820512820515384 0.829979029104555 0.25 0.0 0.0 
 Ti 0.11538461538461539 1.0864533451296394 0.28571428571428575 0.0 0.0 
 Ti 0.07692307692307691 0.839490503189964 0.28571428571428575 0.0 0.0 
 Ti 0.08974358974361538 1.0939552298077229 0.32142857142857145 0.0 0.0 
 Ti 0.12820512820515384 0.8411067641427811 0.32142857142857145 0.0 0.0 
 Ti 0.11538461538461539 1.098140610982897 0.35714285714285715 0.0 0.0 
 Ti 0.07692307692307691 0.8504201337223072 0.35714285714285715 0.0 0.0 
 Ti 0.08974358974361538 1.1057369705751148 0.3928571428571429 0.0 0.0 
 Ti 0.12820512820515384 0.8538366036946395 0.3928571428571429 0.0 0.0 
 Ti 0.11538461538461539 1.1111577705076585 0.42857142857142866 0.0 0.0 
 Ti 0.07692307692307691 0.862390645875258 0.42857142857142866 0.0 0.0 
 Ti 0.08974358974361538 1.1184386250523999 0.4642857142857143 0.0 0.0 
 Ti 0.12820512820515384 0.8677676004557816 0.4642857142857143 0.0 0.0 
 Ti 0.11538461538461539 1.1249590122724689 0.5 0.0 0.0 
 Ti 0.07692307692307691 0.8749590122724688 0.5 0.0 0.0 
 Ti 0.08974358974361538 1.1314793994925378 0.5357142857142857 0.0 0.0 
 Ti 0.12820512820515384 0.882150424089156 0.5357142857142857 0.0 0.0 
 Ti 0.11538461538461539 1.1387602540372794 0.5714285714285715 0.0 0.0 
 Ti 0.07692307692307691 0.8875273786696796 0.5714285714285715 0.0 0.0 
 Ti 0.08974358974361538 1.144181053969823 0.6071428571428572 0.0 0.0 
 Ti 0.12820512820515384 0.8960814208502982 0.6071428571428572 0.0 0.0 
 Ti 0.11538461538461539 1.1517774135620407 0.6428571428571429 0.0 0.0 
 Ti 0.07692307692307691 0.8994978908226304 0.6428571428571429 0.0 0.0 
 Ti 0.08974358974361538 1.1559627947372149 0.6785714285714286 0.0 0.0 
 Ti 0.12820512820515384 0.9088112604021568 0.6785714285714286 0.0 0.0 
 Ti 0.11538461538461539 1.1634646794152983 0.7142857142857143 0.0 0.0 
 Ti 0.07692307692307691 0.9104275213549736 0.7142857142857143 0.0 0.0 
 Ti 0.08974358974361538 1.1664740197368464 0.75 0.0 0.0 
 Ti 0.12820512820515384 0.9199389954403827 0.75 0.0 0.0 
 Ti 0.11538461538461539 1.173596508697316 0.7857142857142858 0.0 0.0 
 Ti 0.07692307692307691 0.9200945935726355 0.7857142857142858 0.0 0.0 
 Ti 0.08974358974361538 1.17560472910134 0.8214285714285715 0.0 0.0 
 Ti 0.12820512820515384 0.9293970554525128 0.8214285714285715 0.0 0.0 
 Ti 0.11538461538461539 1.182199255381674 0.8571428571428573 0.0 0.0 
 Ti 0.07692307692307691 0.9284699849577449 0.8571428571428573 0.0 0.0 
 Ti 0.08974358974361538 1.1834148827640631 0.8928571428571429 0.0 0.0 
 Ti 0.12820512820515384 0.9373235247421206 0.8928571428571429 0.0 0.0 
 Ti 0.1923076923076923 0.5517392752241892 0.07142857142857144 0.0 0.0 
 Ti 0.15384615384615383 0.30631604739337037 0.07142857142857144 0.0 0.0 
 Ti 0.1666666666666923 0.5582589651188998 0.10714285714285716 0.0 0.0 
 Ti 0.20512820512823077 0.3034529226938667 0.10714285714285716 0.0 0.0 
 Ti 0.1923076923076923 0.5588632891224078 0.14285714285714288 0.0 0.0 
 Ti 0.15384615384615383 0.3135430717447427 0.14285714285714288 0.0 0.0 
 Ti 0.1666666666666923 0.5662272803099413 0.17857142857142858 0.0 0.0 
 Ti 0.20512820512823077 0.31135639549576716 0.17857142857142858 0.0 0.0 
 Ti 0.1923076923076923 0.5677187691632638 0.21428571428571433 0.0 0.0 
 Ti 0.15384615384615383 0.32231703238913945 0.21428571428571433 0.0 0.0 
 Ti 0.1666666666666923 0.5759631212721267 0.25 0.0 0.0 
 Ti 0.20512820512823077 0.3212797635954947 0.25 0.0 0.0 
 Ti 0.1923076923076923 0.578706898902442 0.28571428571428575 0.0 0.0 
 Ti 0.15384615384615383 0.33290048176623976 0.28571428571428575 0.0 0.0 
 Ti 0.1666666666666923 0.5877240892823501 0.32142857142857145 0.0 0.0 
 Ti 0.20512820512823077 0.3336578595381681 0.32142857142857145 0.0 0.0 
 Ti 0.1923076923076923 0.5921094403380177 0.35714285714285715 0.0 0.0 
 Ti 0.15384615384615383 0.34541568870466505 0.35714285714285715 0.0 0.0 
 Ti 0.1666666666666923 0.6015313142394121 0.3928571428571429 0.0 0.0 
 Ti 0.20512820512823077 0.34868171891654276 0.3928571428571429 0.0 0.0 
 Ti 0.1923076923076923 0.6078032700311017 0.42857142857142866 0.0 0.0 
 Ti 0.15384615384615383 0.35966002072837266 0.42857142857142866 0.0 0.0 
 Ti 0.1666666666666923 0.6169431403084046 0.4642857142857143 0.0 0.0 
 Ti 0.20512820512823077 0.3659060821999708 0.4642857142857143 0.0 0.0 
 Ti 0.1923076923076923 0.624959012272469 0.5 0.0 0.0 
 Ti 0.15384615384615383 0.37495901227246886 0.5 0.0 0.0 
 Ti 0.1666666666666923 0.6329748842365333 0.5357142857142857 0.0 0.0 
 Ti 0.20512820512823077 0.3840119423449669 0.5357142857142857 0.0 0.0 
 Ti 0.1923076923076923 0.6421147545138362 0.5714285714285715 0.0 0.0 
 Ti 0.15384615384615383 0.3902580038165652 0.5714285714285715 0.0 0.0 
 Ti 0.1666666666666923 0.6483867103055257 0.6071428571428572 0.0 0.0 
 Ti 0.20512820512823077 0.4012363056283949 0.6071428571428572 0.0 0.0 
 Ti 0.1923076923076923 0.65780858420692 0.6428571428571429 0.0 0.0 
 Ti 0.15384615384615383 0.4045023358402727 0.6428571428571429 0.0 0.0 
 Ti 0.1666666666666923 0.6621939352625875 0.6785714285714286 0.0 0.0 
 Ti 0.20512820512823077 0.4162601650067696 0.6785714285714286 0.0 0.0 
 Ti 0.1923076923076923 0.6712111256424957 0.7142857142857143 0.0 0.0 
 Ti 0.15384615384615383 0.417017542778698 0.7142857142857143 0.0 0.0 
 Ti 0.1666666666666923 0.6739549032728112 0.75 0.0 0.0 
 Ti 0.20512820512823077 0.42863826094944313 0.75 0.0 0.0 
 Ti 0.1923076923076923 0.6821992553816739 0.7857142857142858 0.0 0.0 
 Ti 0.15384615384615383 0.42760099215579833 0.7857142857142858 0.0 0.0 
 Ti 0.1666666666666923 0.6836907442349964 0.8214285714285715 0.0 0.0 
 Ti 0.20512820512823077 0.43856162904917056 0.8214285714285715 0.0 0.0 
 Ti 0.1923076923076923 0.6910547354225298 0.8571428571428573 0.0 0.0 
 Ti 0.15384615384615383 0.436374952800195 0.8571428571428573 0.0 0.0 
 Ti 0.1666666666666923 0.6916590594260378 0.8928571428571429 0.0 0.0 
 Ti 0.20512820512823077 0.446465101851071 0.8928571428571429 0.0 0.0 
 Ti 0.1923076923076923 1.0517392752241894 0.07142857142857144 0.0 0.0 
 Ti 0.15384615384615383 0.8063160473933704 0.07142857142857144 0.0 0.0 
 Ti 0.1666666666666923 1.0582589651188998 0.10714285714285716 0.0 0.0 
 Ti 0.20512820512823077 0.8034529226938667 0.10714285714285716 0.0 0.0 
 Ti 0.1923076923076923 1.0588632891224077 0.14285714285714288 0.0 0.0 
 Ti 0.15384615384615383 0.8135430717447427 0.14285714285714288 0.0 0.0 
 Ti 0.1666666666666923 1.0662272803099413 0.17857142857142858 0.0 0.0 
 Ti 0.20512820512823077 0.8113563954957671 0.17857142857142858 0.0 0.0 
 Ti 0.1923076923076923 1.067718769163264 0.21428571428571433 0.0 0.0 
 Ti 0.15384615384615383 0.8223170323891393 0.21428571428571433 0.0 0.0 
 Ti 0.1666666666666923 1.0759631212721266 0.25 0.0 0.0 
 Ti 0.20512820512823077 0.8212797635954947 0.25 0.0 0.0 
 Ti 0.1923076923076923 1.078706898902442 0.28571428571428575 0.0 0.0 
 Ti 0.15384615384615383 0.8329004817662398 0.28571428571428575 0.0 0.0 
 Ti 0.1666666666666923 1.08772408928235 0.32142857142857145 0.0 0.0 
 Ti 0.20512820512823077 0.8336578595381681 0.32142857142857145 0.0 0.0 
 Ti 0.1923076923076923 1.0921094403380176 0.35714285714285715 0.0 0.0 
 Ti 0.15384615384615383 0.845415688704665 0.35714285714285715 0.0 0.0 
 Ti 0.1666666666666923 1.101531314239412 0.3928571428571429 0.0 0.0 
 Ti 0.20512820512823077 0.8486817189165428 0.3928571428571429 0.0 0.0 
 Ti 0.1923076923076923 1.1078032700311018 0.42857142857142866 0.0 0.0 
 Ti 0.15384615384615383 0.8596600207283727 0.42857142857142866 0.0 0.0 
 Ti 0.1666666666666923 1.1169431403084045 0.4642857142857143 0.0 0.0 
 Ti 0.20512820512823077 0.8659060821999707 0.4642857142857143 0.0 0.0 
 Ti 0.1923076923076923 1.1249590122724689 0.5 0.0 0.0 
 Ti 0.15384615384615383 0.8749590122724688 0.5 0.0 0.0 
 Ti 0.1666666666666923 1.1329748842365333 0.5357142857142857 0.0 0.0 
 Ti 0.20512820512823077 0.8840119423449669 0.5357142857142857 0.0 0.0 
 Ti 0.1923076923076923 1.1421147545138362 0.5714285714285715 0.0 0.0 
 Ti 0.15384615384615383 0.8902580038165652 0.5714285714285715 0.0 0.0 
 Ti 0.1666666666666923 1.1483867103055256 0.6071428571428572 0.0 0.0 
 Ti 0.20512820512823077 0.901236305628395 0.6071428571428572 0.0 0.0 
 Ti 0.1923076923076923 1.1578085842069201 0.6428571428571429 0.0 0.0 
 Ti 0.15384615384615383 0.9045023358402726 0.6428571428571429 0.0 0.0 
 Ti 0.1666666666666923 1.1621939352625874 0.6785714285714286 0.0 0.0 
 Ti 0.20512820512823077 0.9162601650067695 0.6785714285714286 0.0 0.0 
 Ti 0.1923076923076923 1.1712111256424957 0.7142857142857143 0.0 0.0 
 Ti 0.15384615384615383 0.917017542778698 0.7142857142857143 0.0 0.0 
 Ti 0.1666666666666923 1.1739549032728112 0.75 0.0 0.0 
 Ti 0.20512820512823077 0.928638260949443 0.75 0.0 0.0 
 Ti 0.1923076923076923 1.182199255381674 0.7857142857142858 0.0 0.0 
 Ti 0.15384615384615383 0.9276009921557983 0.7857142857142858 0.0 0.0 
 Ti 0.1666666666666923 1.1836907442349964 0.8214285714285715 0.0 0.0 
 Ti 0.20512820512823077 0.9385616290491705 0.8214285714285715 0.0 0.0 
 Ti 0.1923076923076923 1.19105473542253 0.8571428571428573 0.0 0.0 
 Ti 0.15384615384615383 0.9363749528001949 0.8571428571428573 0.0 0.0 
 Ti 0.1666666666666923 1.191659059426038 0.8928571428571429 0.0 0.0 
 Ti 0.20512820512823077 0.9464651018510709 0.8928571428571429 0.0 0.0 
 Ti 0.2692307692307692 0.5412498507279763 0.07142857142857144 0.0 0.0 
 Ti 0.23076923076923078 0.2967239791525199 0.07142857142857144 0.0 0.0 
 Ti 0.24358974358976923 0.548136634695818 0.10714285714285716 0.0 0.0 
 Ti 0.2820512820513077 0.2922798058605464 0.10714285714285716 0.0 0.0 
 Ti 0.2692307692307692 0.547763253097126 0.14285714285714288 0.0 0.0 
 Ti 0.23076923076923078 0.3036211426933094 0.14285714285714288 0.0 0.0 
 Ti 0.24358974358976923 0.5558283332974309 0.17857142857142858 0.0 0.0 
 Ti 0.2820512820513077 0.2995658455763667 0.17857142857142858 0.0 0.0 
 Ti 0.2692307692307692 0.5563160473933704 0.21428571428571433 0.0 0.0 
 Ti 0.23076923076923078 0.31242268248418104 0.21428571428571433 0.0 0.0 
 Ti 0.24358974358976923 0.5657894963194154 0.25 0.0 0.0 
 Ti 0.2820512820513077 0.30933230982956816 0.25 0.0 0.0 
 Ti 0.2692307692307692 0.5677187691632638 0.28571428571428575 0.0 0.0 
 Ti 0.23076923076923078 0.32371305073752443 0.28571428571428575 0.0 0.0 
 Ti 0.24358974358976923 0.5787068989024384 0.32142857142857145 0.0 0.0 
 Ti 0.2820512820513077 0.3226013893843577 0.32142857142857145 0.0 0.0 
 Ti 0.2692307692307692 0.5829004817662398 0.35714285714285715 0.0 0.0 
 Ti 0.23076923076923078 0.3380297276784774 0.35714285714285715 0.0 0.0 
 Ti 0.24358974358976923 0.5950799822108187 0.3928571428571429 0.0 0.0 
 Ti 0.2820512820513077 0.3404058047888008 0.3928571428571429 0.0 0.0 
 Ti 0.2692307692307692 0.6023522330219777 0.42857142857142866 0.0 0.0 
 Ti 0.23076923076923078 0.3554438646428578 0.42857142857142866 0.0 0.0 
 Ti 0.24358974358976923 0.614562562876796 0.4642857142857143 0.0 0.0 
 Ti 0.2820512820513077 0.3627544453230533 0.4642857142857143 0.0 0.0 
 Ti 0.2692307692307692 0.624959012272469 0.5 0.0 0.0 
 Ti 0.23076923076923078 0.37495901227246886 0.5 0.0 0.0 
 Ti 0.24358974358976923 0.6353554616681418 0.5357142857142857 0.0 0.0 
 Ti 0.2820512820513077 0.3871635792218844 0.5357142857142857 0.0 0.0 
 Ti 0.2692307692307692 0.6475657915229601 0.5714285714285715 0.0 0.0 
 Ti 0.23076923076923078 0.39447415990207996 0.5714285714285715 0.0 0.0 
 Ti 0.24358974358976923 0.654838042334119 0.6071428571428572 0.0 0.0 
 Ti 0.2820512820513077 0.409512219756137 0.6071428571428572 0.0 0.0 
 Ti 0.2692307692307692 0.6670175427786981 0.6428571428571429 0.0 0.0 
 Ti 0.23076923076923078 0.41188829686646034 0.6428571428571429 0.0 0.0 
 Ti 0.24358974358976923 0.6712111256424994 0.6785714285714286 0.0 0.0 
 Ti 0.2820512820513077 0.42731663516058016 0.6785714285714286 0.0 0.0 
 Ti 0.2692307692307692 0.6821992553816739 0.7142857142857143 0.0 0.0 
 Ti 0.23076923076923078 0.42620497380741323 0.7142857142857143 0.0 0.0 
 Ti 0.24358974358976923 0.6841285282255222 0.75 0.0 0.0 
 Ti 0.2820512820513077 0.4405857147153696 0.75 0.0 0.0 
 Ti 0.2692307692307692 0.6936019771515674 0.7857142857142858 0.0 0.0 
 Ti 0.23076923076923078 0.43749534206075674 0.7857142857142858 0.0 0.0 
 Ti 0.24358974358976923 0.694089691247507 0.8214285714285715 0.0 0.0 
 Ti 0.2820512820513077 0.45035217896857105 0.8214285714285715 0.0 0.0 
 Ti 0.2692307692307692 0.7021547714478118 0.8571428571428573 0.0 0.0 
 Ti 0.23076923076923078 0.4462968818516284 0.8571428571428573 0.0 0.0 
 Ti 0.24358974358976923 0.7017813898491199 0.8928571428571429 0.0 0.0 
 Ti 0.2820512820513077 0.4576382186843913 0.8928571428571429 0.0 0.0 
 Ti 0.2692307692307692 1.0412498507279762 0.07142857142857144 0.0 0.0 
 Ti 0.23076923076923078 0.7967239791525198 0.07142857142857144 0.0 0.0 
 Ti 0.24358974358976923 1.0481366346958179 0.10714285714285716 0.0 0.0 
 Ti 0.2820512820513077 0.7922798058605464 0.10714285714285716 0.0 0.0 
 Ti 0.2692307692307692 1.047763253097126 0.14285714285714288 0.0 0.0 
 Ti 0.23076923076923078 0.8036211426933094 0.14285714285714288 0.0 0.0 
 Ti 0.24358974358976923 1.0558283332974308 0.17857142857142858 0.0 0.0 
 Ti 0.2820512820513077 0.7995658455763667 0.17857142857142858 0.0 0.0 
 Ti 0.2692307692307692 1.0563160473933704 0.21428571428571433 0.0 0.0 
 Ti 0.23076923076923078 0.8124226824841809 0.21428571428571433 0.0 0.0 
 Ti 0.24358974358976923 1.0657894963194154 0.25 0.0 0.0 
 Ti 0.2820512820513077 0.809332309829568 0.25 0.0 0.0 
 Ti 0.2692307692307692 1.0677187691632637 0.28571428571428575 0.0 0.0 
 Ti 0.23076923076923078 0.8237130507375244 0.28571428571428575 0.0 0.0 
 Ti 0.24358974358976923 1.0787068989024384 0.32142857142857145 0.0 0.0 
 Ti 0.2820512820513077 0.8226013893843577 0.32142857142857145 0.0 0.0 
 Ti 0.2692307692307692 1.0829004817662398 0.35714285714285715 0.0 0.0 
 Ti 0.23076923076923078 0.8380297276784774 0.35714285714285715 0.0 0.0 
 Ti 0.24358974358976923 1.0950799822108188 0.3928571428571429 0.0 0.0 
 Ti 0.2820512820513077 0.8404058047888007 0.3928571428571429 0.0 0.0 
 Ti 0.2692307692307692 1.1023522330219777 0.42857142857142866 0.0 0.0 
 Ti 0.23076923076923078 0.8554438646428578 0.42857142857142866 0.0 0.0 
 Ti 0.24358974358976923 1.114562562876796 0.4642857142857143 0.0 0.0 
 Ti 0.2820512820513077 0.8627544453230533 0.4642857142857143 0.0 0.0 
 Ti 0.2692307692307692 1.1249590122724689 0.5 0.0 0.0 
 Ti 0.23076923076923078 0.8749590122724688 0.5 0.0 0.0 
 Ti 0.24358974358976923 1.1353554616681418 0.5357142857142857 0.0 0.0 
 Ti 0.2820512820513077 0.8871635792218843 0.5357142857142857 0.0 0.0 
 Ti 0.2692307692307692 1.14756579152296 0.5714285714285715 0.0 0.0 
 Ti 0.23076923076923078 0.8944741599020799 0.5714285714285715 0.0 0.0 
 Ti 0.24358974358976923 1.1548380423341191 0.6071428571428572 0.0 0.0 
 Ti 0.2820512820513077 0.9095122197561369 0.6071428571428572 0.0 0.0 
 Ti 0.2692307692307692 1.167017542778698 0.6428571428571429 0.0 0.0 
 Ti 0.23076923076923078 0.9118882968664602 0.6428571428571429 0.0 0.0 
 Ti 0.24358974358976923 1.1712111256424995 0.6785714285714286 0.0 0.0 
 Ti 0.2820512820513077 0.92731663516058 0.6785714285714286 0.0 0.0 
 Ti 0.2692307692307692 1.182199255381674 0.7142857142857143 0.0 0.0 
 Ti 0.23076923076923078 0.9262049738074133 0.7142857142857143 0.0 0.0 
 Ti 0.24358974358976923 1.1841285282255223 0.75 0.0 0.0 
 Ti 0.2820512820513077 0.9405857147153696 0.75 0.0 0.0 
 Ti 0.2692307692307692 1.1936019771515674 0.7857142857142858 0.0 0.0 
 Ti 0.23076923076923078 0.9374953420607568 0.7857142857142858 0.0 0.0 
 Ti 0.24358974358976923 1.1940896912475067 0.8214285714285715 0.0 0.0 
 Ti 0.2820512820513077 0.9503521789685712 0.8214285714285715 0.0 0.0 
 Ti 0.2692307692307692 1.2021547714478118 0.8571428571428573 0.0 0.0 
 Ti 0.23076923076923078 0.9462968818516283 0.8571428571428573 0.0 0.0 
 Ti 0.24358974358976923 1.2017813898491199 0.8928571428571429 0.0 0.0 
 Ti 0.2820512820513077 0.9576382186843913 0.8928571428571429 0.0 0.0 
 Ti 0.34615384615384615 0.5289172402610073 0.07142857142857144 0.0 0.0 
 Ti 0.30769230769230765 0.28531006590386754 0.07142857142857144 0.0 0.0 
 Ti 0.32051282051284613 0.5358691212767721 0.10714285714285716 0.0 0.0 
 Ti 0.35897435897438457 0.27891724026100245 0.10714285714285716 0.0 0.0 
 Ti 0.34615384615384615 0.5340669303412917 0.14285714285714288 0.0 0.0 
 Ti 0.30769230769230765 0.29124985072797627 0.14285714285714288 0.0 0.0 
 Ti 0.32051282051284613 0.5425065870643138 0.17857142857142858 0.0 0.0 
 Ti 0.35897435897438457 0.28462166969714914 0.17857142857142858 0.0 0.0 
 Ti 0.34615384615384615 0.5412498507279763 0.21428571428571433 0.0 0.0 
 Ti 0.30769230769230765 0.2992879616269372 0.21428571428571433 0.0 0.0 
 Ti 0.32051282051284613 0.5517392752241839 0.25 0.0 0.0 
 Ti 0.35897435897438457 0.29286141694393186 0.25 0.0 0.0 
 Ti 0.34615384615384615 0.5517392752241892 0.28571428571428575 0.0 0.0 
 Ti 0.30769230769230765 0.31048285912576856 0.28571428571428575 0.0 0.0 
 Ti 0.32051282051284613 0.5649880819422657 0.32142857142857145 0.0 0.0 
 Ti 0.35897435897438457 0.30543448613510854 0.32142857142857145 0.0 0.0 
 Ti 0.34615384615384615 0.5677187691632638 0.35714285714285715 0.0 0.0 
 Ti 0.30769230769230765 0.32632151584762176 0.35714285714285715 0.0 0.0 
 Ti 0.32051282051284613 0.5841491451775864 0.3928571428571429 0.0 0.0 
 Ti 0.35897435897438457 0.32547805982955147 0.3928571428571429 0.0 0.0 
 Ti 0.34615384615384615 0.5921094403380177 0.42857142857142866 0.0 0.0 
 Ti 0.30769230769230765 0.34814061098289717 0.42857142857142866 0.0 0.0 
 Ti 0.32051282051284613 0.610193728560947 0.4642857142857143 0.0 0.0 
 Ti 0.35897435897438457 0.35629801171305864 0.4642857142857143 0.0 0.0 
 Ti 0.34615384615384615 0.624959012272469 0.5 0.0 0.0 
 Ti 0.30769230769230765 0.37495901227246886 0.5 0.0 0.0 
 Ti 0.32051282051284613 0.6397242959839907 0.5357142857142857 0.0 0.0 
 Ti 0.35897435897438457 0.3936200128318791 0.5357142857142857 0.0 0.0 
 Ti 0.34615384615384615 0.65780858420692 0.5714285714285715 0.0 0.0 
 Ti 0.30769230769230765 0.4017774135620406 0.5714285714285715 0.0 0.0 
 Ti 0.32051282051284613 0.6657688793673513 0.6071428571428572 0.0 0.0 
 Ti 0.35897435897438457 0.4244399647153863 0.6071428571428572 0.0 0.0 
 Ti 0.34615384615384615 0.682199255381674 0.6428571428571429 0.0 0.0 
 Ti 0.30769230769230765 0.42359650869731597 0.6428571428571429 0.0 0.0 
 Ti 0.32051282051284613 0.684929942602672 0.6785714285714286 0.0 0.0 
 Ti 0.35897435897438457 0.4444835384098292 0.6785714285714286 0.0 0.0 
 Ti 0.34615384615384615 0.6981787493207484 0.7142857142857143 0.0 0.0 
 Ti 0.30769230769230765 0.43943516541916916 0.7142857142857143 0.0 0.0 
 Ti 0.32051282051284613 0.698178749320754 0.75 0.0 0.0 
 Ti 0.35897435897438457 0.45705660760100586 0.75 0.0 0.0 
 Ti 0.34615384615384615 0.7086681738169616 0.7857142857142858 0.0 0.0 
 Ti 0.30769230769230765 0.45063006291800056 0.7857142857142858 0.0 0.0 
 Ti 0.32051282051284613 0.7074114374806241 0.8214285714285715 0.0 0.0 
 Ti 0.35897435897438457 0.4652963548477886 0.8214285714285715 0.0 0.0 
 Ti 0.34615384615384615 0.715851094203646 0.8571428571428573 0.0 0.0 
 Ti 0.30769230769230765 0.4586681738169615 0.8571428571428573 0.0 0.0 
 Ti 0.32051282051284613 0.7140489032681655 0.8928571428571429 0.0 0.0 
 Ti 0.35897435897438457 0.4710007842839353 0.8928571428571429 0.0 0.0 
 Ti 0.34615384615384615 1.0289172402610072 0.07142857142857144 0.0 0.0 
 Ti 0.30769230769230765 0.7853100659038674 0.07142857142857144 0.0 0.0 
 Ti 0.32051282051284613 1.035869121276772 0.10714285714285716 0.0 0.0 
 Ti 0.35897435897438457 0.7789172402610024 0.10714285714285716 0.0 0.0 
 Ti 0.34615384615384615 1.0340669303412917 0.14285714285714288 0.0 0.0 
 Ti 0.30769230769230765 0.7912498507279762 0.14285714285714288 0.0 0.0 
 Ti 0.32051282051284613 1.0425065870643138 0.17857142857142858 0.0 0.0 
 Ti 0.35897435897438457 0.784621669697149 0.17857142857142858 0.0 0.0 
 Ti 0.34615384615384615 1.0412498507279764 0.21428571428571433 0.0 0.0 
 Ti 0.30769230769230765 0.7992879616269372 0.21428571428571433 0.0 0.0 
 Ti 0.32051282051284613 1.0517392752241839 0.25 0.0 0.0 
 Ti 0.35897435897438457 0.7928614169439319 0.25 0.0 0.0 
 Ti 0.34615384615384615 1.0517392752241894 0.28571428571428575 0.0 0.0 
 Ti 0.30769230769230765 0.8104828591257686 0.28571428571428575 0.0 0.0 
 Ti 0.32051282051284613 1.0649880819422657 0.32142857142857145 0.0 0.0 
 Ti 0.35897435897438457 0.8054344861351085 0.32142857142857145 0.0 0.0 
 Ti 0.34615384615384615 1.067718769163264 0.35714285714285715 0.0 0.0 
 Ti 0.30769230769230765 0.8263215158476217 0.35714285714285715 0.0 0.0 
 Ti 0.32051282051284613 1.0841491451775864 0.3928571428571429 0.0 0.0 
 Ti 0.35897435897438457 0.8254780598295515 0.3928571428571429 0.0 0.0 
 Ti 0.34615384615384615 1.0921094403380176 0.42857142857142866 0.0 0.0 
 Ti 0.30769230769230765 0.8481406109828971 0.42857142857142866 0.0 0.0 
 Ti 0.32051282051284613 1.1101937285609471 0.4642857142857143 0.0 0.0 
 Ti 0.35897435897438457 0.8562980117130586 0.4642857142857143 0.0 0.0 
 Ti 0.34615384615384615 1.1249590122724689 0.5 0.0 0.0 
 Ti 0.30769230769230765 0.8749590122724688 0.5 0.0 0.0 
 Ti 0.32051282051284613 1.1397242959839908 0.5357142857142857 0.0 0.0 
 Ti 0.35897435897438457 0.8936200128318791 0.5357142857142857 0.0 0.0 
 Ti 0.34615384615384615 1.1578085842069201 0.5714285714285715 0.0 0.0 
 Ti 0.30769230769230765 0.9017774135620406 0.5714285714285715 0.0 0.0 
 Ti 0.32051282051284613 1.1657688793673513 0.6071428571428572 0.0 0.0 
 Ti 0.35897435897438457 0.9244399647153863 0.6071428571428572 0.0 0.0 
 Ti 0.34615384615384615 1.182199255381674 0.6428571428571429 0.0 0.0 
 Ti 0.30769230769230765 0.9235965086973159 0.6428571428571429 0.0 0.0 
 Ti 0.32051282051284613 1.184929942602672 0.6785714285714286 0.0 0.0 
 Ti 0.35897435897438457 0.9444835384098291 0.6785714285714286 0.0 0.0 
 Ti 0.34615384615384615 1.1981787493207485 0.7142857142857143 0.0 0.0 
 Ti 0.30769230769230765 0.939435165419169 0.7142857142857143 0.0 0.0 
 Ti 0.32051282051284613 1.1981787493207539 0.75 0.0 0.0 
 Ti 0.35897435897438457 0.9570566076010057 0.75 0.0 0.0 
 Ti 0.34615384615384615 1.2086681738169613 0.7857142857142858 0.0 0.0 
 Ti 0.30769230769230765 0.9506300629180006 0.7857142857142858 0.0 0.0 
 Ti 0.32051282051284613 1.207411437480624 0.8214285714285715 0.0 0.0 
 Ti 0.35897435897438457 0.9652963548477886 0.8214285714285715 0.0 0.0 
 Ti 0.34615384615384615 1.2158510942036458 0.8571428571428573 0.0 0.0 
 Ti 0.30769230769230765 0.9586681738169615 0.8571428571428573 0.0 0.0 
 Ti 0.32051282051284613 1.2140489032681656 0.8928571428571429 0.0 0.0 
 Ti 0.35897435897438457 0.9710007842839352 0.8928571428571429 0.0 0.0 
 Ti 0.423076923076923 0.5149524047505697 0.07142857142857144 0.0 0.0 
 Ti 0.3846153846153846 0.2721091195056801 0.07142857142857144 0.0 0.0 
 Ti 0.39743589743592306 0.521471676321493 0.10714285714285716 0.0 0.0 
 Ti 0.4358974358974615 0.2636207821551083 0.10714285714285716 0.0 0.0 
 Ti 0.423076923076923 0.5178514121879102 0.14285714285714288 0.0 0.0 
 Ti 0.3846153846153846 0.2762407631310274 0.14285714285714288 0.0 0.0 
 Ti 0.39743589743592306 0.5259394075275604 0.17857142857142858 0.0 0.0 
 Ti 0.4358974358974615 0.2665684367177644 0.17857142857142858 0.0 0.0 
 Ti 0.423076923076923 0.5221091195056801 0.21428571428571433 0.0 0.0 
 Ti 0.3846153846153846 0.28216857161421005 0.21428571428571433 0.0 0.0 
 Ti 0.39743589743592306 0.5326241884768864 0.25 0.0 0.0 
 Ti 0.4358974358974615 0.27110614442406206 0.25 0.0 0.0 
 Ti 0.423076923076923 0.5289172402610073 0.28571428571428575 0.0 0.0 
 Ti 0.3846153846153846 0.2912498507279763 0.28571428571428575 0.0 0.0 
 Ti 0.39743589743592306 0.5434953684659728 0.32142857142857145 0.0 0.0 
 Ti 0.4358974358974615 0.2789172402609967 0.32142857142857145 0.0 0.0 
 Ti 0.423076923076923 0.5412498507279763 0.35714285714285715 0.0 0.0 
 Ti 0.3846153846153846 0.30631604739337037 0.35714285714285715 0.0 0.0 
 Ti 0.39743589743592306 0.563049064748619 0.3928571428571429 0.0 0.0 
 Ti 0.4358974358974615 0.294950920992398 0.3928571428571429 0.0 0.0 
 Ti 0.423076923076923 0.5677187691632639 0.42857142857142866 0.0 0.0 
 Ti 0.3846153846153846 0.33290048176623976 0.42857142857142866 0.0 0.0 
 Ti 0.39743589743592306 0.5997031049773611 0.4642857142857143 0.0 0.0 
 Ti 0.4358974358974615 0.33645334512962627 0.4642857142857143 0.0 0.0 
 Ti 0.423076923076923 0.624959012272469 0.5 0.0 0.0 
 Ti 0.3846153846153846 0.37495901227246886 0.5 0.0 0.0 
 Ti 0.39743589743592306 0.6502149195675766 0.5357142857142857 0.0 0.0 
 Ti 0.4358974358974615 0.41346467941531145 0.5357142857142857 0.0 0.0 
 Ti 0.423076923076923 0.6821992553816739 0.5714285714285715 0.0 0.0 
 Ti 0.3846153846153846 0.41701754277869807 0.5714285714285715 0.0 0.0 
 Ti 0.39743589743592306 0.6868689597963187 0.6071428571428572 0.0 0.0 
 Ti 0.4358974358974615 0.4549671035525398 0.6071428571428572 0.0 0.0 
 Ti 0.423076923076923 0.7086681738169616 0.6428571428571429 0.0 0.0 
 Ti 0.3846153846153846 0.44360197715156735 0.6428571428571429 0.0 0.0 
 Ti 0.39743589743592306 0.706422656078965 0.6785714285714286 0.0 0.0 
 Ti 0.4358974358974615 0.471000784283941 0.6785714285714286 0.0 0.0 
 Ti 0.423076923076923 0.7210007842839304 0.7142857142857143 0.0 0.0 
 Ti 0.3846153846153846 0.4586681738169614 0.7142857142857143 0.0 0.0 
 Ti 0.39743589743592306 0.7172938360680513 0.75 0.0 0.0 
 Ti 0.4358974358974615 0.4788118801208756 0.75 0.0 0.0 
 Ti 0.423076923076923 0.7278089050392577 0.7857142857142858 0.0 0.0 
 Ti 0.3846153846153846 0.46774945293072767 0.7857142857142858 0.0 0.0 
 Ti 0.39743589743592306 0.7239786170173773 0.8214285714285715 0.0 0.0 
 Ti 0.4358974358974615 0.48334958782717324 0.8214285714285715 0.0 0.0 
 Ti 0.423076923076923 0.7320666123570275 0.8571428571428573 0.0 0.0 
 Ti 0.3846153846153846 0.4736772614139103 0.8571428571428573 0.0 0.0 
 Ti 0.39743589743592306 0.7284463482234448 0.8928571428571429 0.0 0.0 
 Ti 0.4358974358974615 0.48629724238982946 0.8928571428571429 0.0 0.0 
 Ti 0.423076923076923 1.0149524047505696 0.07142857142857144 0.0 0.0 
 Ti 0.3846153846153846 0.7721091195056801 0.07142857142857144 0.0 0.0 
 Ti 0.39743589743592306 1.021471676321493 0.10714285714285716 0.0 0.0 
 Ti 0.4358974358974615 0.7636207821551082 0.10714285714285716 0.0 0.0 
 Ti 0.423076923076923 1.0178514121879103 0.14285714285714288 0.0 0.0 
 Ti 0.3846153846153846 0.7762407631310274 0.14285714285714288 0.0 0.0 
 Ti 0.39743589743592306 1.0259394075275605 0.17857142857142858 0.0 0.0 
 Ti 0.4358974358974615 0.7665684367177644 0.17857142857142858 0.0 0.0 
 Ti 0.423076923076923 1.0221091195056802 0.21428571428571433 0.0 0.0 
 Ti 0.3846153846153846 0.7821685716142099 0.21428571428571433 0.0 0.0 
 Ti 0.39743589743592306 1.0326241884768863 0.25 0.0 0.0 
 Ti 0.4358974358974615 0.771106144424062 0.25 0.0 0.0 
 Ti 0.423076923076923 1.0289172402610072 0.28571428571428575 0.0 0.0 
 Ti 0.3846153846153846 0.7912498507279764 0.28571428571428575 0.0 0.0 
 Ti 0.39743589743592306 1.0434953684659727 0.32142857142857145 0.0 0.0 
 Ti 0.4358974358974615 0.7789172402609967 0.32142857142857145 0.0 0.0 
 Ti 0.423076923076923 1.0412498507279764 0.35714285714285715 0.0 0.0 
 Ti 0.3846153846153846 0.8063160473933704 0.35714285714285715 0.0 0.0 
 Ti 0.39743589743592306 1.063049064748619 0.3928571428571429 0.0 0.0 
 Ti 0.4358974358974615 0.794950920992398 0.3928571428571429 0.0 0.0 
 Ti 0.423076923076923 1.067718769163264 0.42857142857142866 0.0 0.0 
 Ti 0.3846153846153846 0.8329004817662398 0.42857142857142866 0.0 0.0 
 Ti 0.39743589743592306 1.0997031049773611 0.4642857142857143 0.0 0.0 
 Ti 0.4358974358974615 0.8364533451296261 0.4642857142857143 0.0 0.0 
 Ti 0.423076923076923 1.1249590122724689 0.5 0.0 0.0 
 Ti 0.3846153846153846 0.8749590122724688 0.5 0.0 0.0 
 Ti 0.39743589743592306 1.1502149195675766 0.5357142857142857 0.0 0.0 
 Ti 0.4358974358974615 0.9134646794153115 0.5357142857142857 0.0 0.0 
 Ti 0.423076923076923 1.182199255381674 0.5714285714285715 0.0 0.0 
 Ti 0.3846153846153846 0.917017542778698 0.5714285714285715 0.0 0.0 
 Ti 0.39743589743592306 1.1868689597963187 0.6071428571428572 0.0 0.0 
 Ti 0.4358974358974615 0.9549671035525397 0.6071428571428572 0.0 0.0 
 Ti 0.423076923076923 1.2086681738169613 0.6428571428571429 0.0 0.0 
 Ti 0.3846153846153846 0.9436019771515674 0.6428571428571429 0.0 0.0 
 Ti 0.39743589743592306 1.206422656078965 0.6785714285714286 0.0 0.0 
 Ti 0.4358974358974615 0.9710007842839409 0.6785714285714286 0.0 0.0 
 Ti 0.423076923076923 1.2210007842839306 0.7142857142857143 0.0 0.0 
 Ti 0.3846153846153846 0.9586681738169615 0.7142857142857143 0.0 0.0 
 Ti 0.39743589743592306 1.2172938360680514 0.75 0.0 0.0 
 Ti 0.4358974358974615 0.9788118801208756 0.75 0.0 0.0 
 Ti 0.423076923076923 1.2278089050392575 0.7857142857142858 0.0 0.0 
 Ti 0.3846153846153846 0.9677494529307278 0.7857142857142858 0.0 0.0 
 Ti 0.39743589743592306 1.2239786170173774 0.8214285714285715 0.0 0.0 
 Ti 0.4358974358974615 0.9833495878271732 0.8214285714285715 0.0 0.0 
 Ti 0.423076923076923 1.2320666123570274 0.8571428571428573 0.0 0.0 
 Ti 0.3846153846153846 0.9736772614139104 0.8571428571428573 0.0 0.0 
 Ti 0.39743589743592306 1.228446348223445 0.8928571428571429 0.0 0.0 
 Ti 0.4358974358974615 0.9862972423898294 0.8928571428571429 0.0 0.0 
 Ti 0.5 0.5 0.07142857142857144 0.0 0.0 
 Ti 0.46153846153846156 0.25754282033269904 0.07142857142857144 0.0 0.0 
 Ti 0.474358974359 0.5054934373638177 0.10714285714285716 0.0 0.0 
 Ti 0.5128205128205384 0.24725000289483112 0.10714285714285716 0.0 0.0 
 Ti 0.5 0.5 0.14285714285714288 0.0 0.0 
 Ti 0.46153846153846156 0.25903949907339985 0.14285714285714288 0.0 0.0 
 Ti 0.474358974359 0.5067089432950735 0.17857142857142858 0.0 0.0 
 Ti 0.5128205128205384 0.2466395531930466 0.17857142857142858 0.0 0.0 
 Ti 0.5 0.5 0.21428571428571433 0.0 0.0 
 Ti 0.46153846153846156 0.2612722064983861 0.21428571428571433 0.0 0.0 
 Ti 0.474358974359 0.5086124851860575 0.25 0.0 0.0 
 Ti 0.5128205128205384 0.2456811020758352 0.25 0.0 0.0 
 Ti 0.5 0.5 0.28571428571428575 0.0 0.0 
 Ti 0.46153846153846156 0.26495240475056964 0.28571428571428575 0.0 0.0 
 Ti 0.474358974359 0.5120126624576254 0.32142857142857145 0.0 0.0 
 Ti 0.5128205128205384 0.24395923287046106 0.32142857142857145 0.0 0.0 
 Ti 0.5 0.5 0.35714285714285715 0.0 0.0 
 Ti 0.46153846153846156 0.2721091195056801 0.35714285714285715 0.0 0.0 
 Ti 0.474358974359 0.5197581253877593 0.3928571428571429 0.0 0.0 
 Ti 0.5128205128205384 0.23996620781839634 0.3928571428571429 0.0 0.0 
 Ti 0.5 0.5 0.42857142857142866 0.0 0.0 
 Ti 0.46153846153846156 0.2912498507279763 0.42857142857142866 0.0 0.0 
 Ti 0.474358974359 0.551739275224151 0.4642857142857143 0.0 0.0 
 Ti 0.5128205128205384 0.22108275973894 0.4642857142857143 0.0 0.0 
 Ti 0.5 0.5 0.5 0.0 0.0 
 Ti 0.46153846153846156 0.37495901227246886 0.5 0.0 0.0 
 Ti 0.474358974359 0.6981787493207868 0.5357142857142857 0.0 0.0 
 Ti 0.5128205128205384 0.028999215716122274 0.5357142857142857 0.0 0.0 
 Ti 0.5 0.2500819754550623 0.5714285714285715 0.0 0.0 
 Ti 0.46153846153846156 0.4586681738169615 0.5714285714285715 0.0 0.0 
 Ti 0.474358974359 0.7301598991571784 0.6071428571428572 0.0 0.0 
 Ti 0.5128205128205384 0.010115767636665928 0.6071428571428572 0.0 0.0 
 Ti 0.5 0.2500819754550623 0.6428571428571429 0.0 0.0 
 Ti 0.46153846153846156 0.4778089050392577 0.6428571428571429 0.0 0.0 
 Ti 0.474358974359 0.7379053620873123 0.6785714285714286 0.0 0.0 
 Ti 0.5128205128205384 0.006122742584601212 0.6785714285714286 0.0 0.0 
 Ti 0.5 0.2500819754550623 0.7142857142857143 0.0 0.0 
 Ti 0.46153846153846156 0.48496561979436803 0.7142857142857143 0.0 0.0 
 Ti 0.474358974359 0.7413055393588803 0.75 0.0 0.0 
 Ti 0.5128205128205384 0.004400873379227074 0.75 0.0 0.0 
 Ti 0.5 0.2500819754550623 0.7857142857142858 0.0 0.0 
 Ti 0.46153846153846156 0.4886458180465517 0.7857142857142858 0.0 0.0 
 Ti 0.474358974359 0.7432090812498642 0.8214285714285715 0.0 0.0 
 Ti 0.5128205128205384 0.003442422262015714 0.8214285714285715 0.0 0.0 
 Ti 0.5 0.2500819754550623 0.8571428571428573 0.0 0.0 
 Ti 0.46153846153846156 0.4908785254715379 0.8571428571428573 0.0 0.0 
 Ti 0.474358974359 0.74442458718112 0.8928571428571429 0.0 0.0 
 Ti 0.5128205128205384 0.002831972560231152 0.8928571428571429 0.0 0.0 
 Ti 0.5 1.0 0.07142857142857144 0.0 0.0 
 Ti 0.46153846153846156 0.757542820332699 0.07142857142857144 0.0 0.0 
 Ti 0.474358974359 1.0054934373638178 0.10714285714285716 0.0 0.0 
 Ti 0.5128205128205384 0.747250002894831 0.10714285714285716 0.0 0.0 
 Ti 0.5 1.0 0.14285714285714288 0.0 0.0 
 Ti 0.46153846153846156 0.7590394990733998 0.14285714285714288 0.0 0.0 
 Ti 0.474358974359 1.0067089432950735 0.17857142857142858 0.0 0.0 
 Ti 0.5128205128205384 0.7466395531930465 0.17857142857142858 0.0 0.0 
 Ti 0.5 1.0 0.21428571428571433 0.0 0.0 
 Ti 0.46153846153846156 0.7612722064983861 0.21428571428571433 0.0 0.0 
 Ti 0.474358974359 1.0086124851860574 0.25 0.0 0.0 
 Ti 0.5128205128205384 0.7456811020758352 0.25 0.0 0.0 
 Ti 0.5 1.0 0.28571428571428575 0.0 0.0 
 Ti 0.46153846153846156 0.7649524047505697 0.28571428571428575 0.0 0.0 
 Ti 0.474358974359 1.0120126624576256 0.32142857142857145 0.0 0.0 
 Ti 0.5128205128205384 0.7439592328704611 0.32142857142857145 0.0 0.0 
 Ti 0.5 1.0 0.35714285714285715 0.0 0.0 
 Ti 0.46153846153846156 0.7721091195056801 0.35714285714285715 0.0 0.0 
 Ti 0.474358974359 1.0197581253877595 0.3928571428571429 0.0 0.0 
 Ti 0.5128205128205384 0.7399662078183964 0.3928571428571429 0.0 0.0 
 Ti 0.5 1.0 0.42857142857142866 0.0 0.0 
 Ti 0.46153846153846156 0.7912498507279764 0.42857142857142866 0.0 0.0 
 Ti 0.474358974359 1.051739275224151 0.4642857142857143 0.0 0.0 
 Ti 0.5128205128205384 0.7210827597389399 0.4642857142857143 0.0 0.0 
 Ti 0.5 1.0 0.5 0.0 0.0 
 Ti 0.46153846153846156 0.8749590122724688 0.5 0.0 0.0 
 Ti 0.474358974359 1.198178749320787 0.5357142857142857 0.0 0.0 
 Ti 0.5128205128205384 0.5289992157161222 0.5357142857142857 0.0 0.0 
 Ti 0.5 0.7500819754550623 0.5714285714285715 0.0 0.0 
 Ti 0.46153846153846156 0.9586681738169615 0.5714285714285715 0.0 0.0 
 Ti 0.474358974359 1.2301598991571783 0.6071428571428572 0.0 0.0 
 Ti 0.5128205128205384 0.5101157676366659 0.6071428571428572 0.0 0.0 
 Ti 0.5 0.7500819754550623 0.6428571428571429 0.0 0.0 
 Ti 0.46153846153846156 0.9778089050392577 0.6428571428571429 0.0 0.0 
 Ti 0.474358974359 1.2379053620873124 0.6785714285714286 0.0 0.0 
 Ti 0.5128205128205384 0.5061227425846012 0.6785714285714286 0.0 0.0 
 Ti 0.5 0.7500819754550623 0.7142857142857143 0.0 0.0 
 Ti 0.46153846153846156 0.9849656197943679 0.7142857142857143 0.0 0.0 
 Ti 0.474358974359 1.24130553935888 0.75 0.0 0.0 
 Ti 0.5128205128205384 0.504400873379227 0.75 0.0 0.0 
 Ti 0.5 0.7500819754550623 0.7857142857142858 0.0 0.0 
 Ti 0.46153846153846156 0.9886458180465516 0.7857142857142858 0.0 0.0 
 Ti 0.474358974359 1.2432090812498644 0.8214285714285715 0.0 0.0 
 Ti 0.5128205128205384 0.5034424222620156 0.8214285714285715 0.0 0.0 
 Ti 0.5 0.7500819754550623 0.8571428571428573 0.0 0.0 
 Ti 0.46153846153846156 0.9908785254715379 0.8571428571428573 0.0 0.0 
 Ti 0.474358974359 1.24442458718112 0.8928571428571429 0.0 0.0 
 Ti 0.5128205128205384 0.5028319725602312 0.8928571428571429 0.0 0.0 
 Ti 0.5769230769230769 0.4850475952494303 0.07142857142857144 0.0 0.0 
 Ti 0.5384615384615384 0.24245717966730096 0.07142857142857144 0.0 0.0 
 Ti 0.5512820512820769 0.48906502342304264 0.10714285714285716 0.0 0.0 
 Ti 0.5897435897436153 0.2311058293210343 0.10714285714285716 0.0 0.0 
 Ti 0.5769230769230769 0.4821485878120898 0.14285714285714288 0.0 0.0 
 Ti 0.5384615384615384 0.24096050092660015 0.14285714285714288 0.0 0.0 
 Ti 0.5512820512820769 0.4866762109909295 0.17857142857142858 0.0 0.0 
 Ti 0.5897435897436153 0.2271157293677874 0.17857142857142858 0.0 0.0 
 Ti 0.5769230769230769 0.47789088049431994 0.21428571428571433 0.0 0.0 
 Ti 0.5384615384615384 0.23872779350161394 0.21428571428571433 0.0 0.0 
 Ti 0.5512820512820769 0.48297231677335273 0.25 0.0 0.0 
 Ti 0.5897435897436153 0.22108275973898522 0.25 0.0 0.0 
 Ti 0.5769230769230769 0.4710827597389928 0.28571428571428575 0.0 0.0 
 Ti 0.5384615384615384 0.23504759524943036 0.28571428571428575 0.0 0.0 
 Ti 0.5512820512820769 0.4764988028502993 0.32142857142857145 0.0 0.0 
 Ti 0.5897435897436153 0.2110703899845635 0.32142857142857145 0.0 0.0 
 Ti 0.5769230769230769 0.4587501492720237 0.35714285714285715 0.0 0.0 
 Ti 0.5384615384615384 0.2278908804943199 0.35714285714285715 0.0 0.0 
 Ti 0.5512820512820769 0.46265857832316615 0.3928571428571429 0.0 0.0 
 Ti 0.5897435897436153 0.19225102756267928 0.3928571428571429 0.0 0.0 
 Ti 0.5769230769230769 0.4322812308367362 0.42857142857142866 0.0 0.0 
 Ti 0.5384615384615384 0.20875014927202368 0.42857142857142866 0.0 0.0 
 Ti 0.5512820512820769 0.4212931010975398 0.4642857142857143 0.0 0.0 
 Ti 0.5897435897436153 0.15361907253461207 0.4642857142857143 0.0 0.0 
 Ti 0.5769230769230769 0.37504098772753114 0.5 0.0 0.0 
 Ti 0.5384615384615384 0.12504098772753114 0.5 0.0 0.0 
 Ti 0.5512820512820769 0.3287888743575224 0.5357142857142857 0.0 0.0 
 Ti 0.5897435897436153 0.09646290292045016 0.5357142857142857 0.0 0.0 
 Ti 0.5769230769230769 0.3178007446183261 0.5714285714285715 0.0 0.0 
 Ti 0.5384615384615384 0.04133182618303851 0.5714285714285715 0.0 0.0 
 Ti 0.5512820512820769 0.28742339713189613 0.6071428571428572 0.0 0.0 
 Ti 0.5897435897436153 0.05783094789238299 0.6071428571428572 0.0 0.0 
 Ti 0.5769230769230769 0.2913318261830385 0.6428571428571429 0.0 0.0 
 Ti 0.5384615384615384 0.022191094960742338 0.6428571428571429 0.0 0.0 
 Ti 0.5512820512820769 0.273583172604763 0.6785714285714286 0.0 0.0 
 Ti 0.5897435897436153 0.039011585470498794 0.6785714285714286 0.0 0.0 
 Ti 0.5769230769230769 0.2789992157160695 0.7142857142857143 0.0 0.0 
 Ti 0.5384615384615384 0.015034380205631966 0.7142857142857143 0.0 0.0 
 Ti 0.5512820512820769 0.26710965868170955 0.75 0.0 0.0 
 Ti 0.5897435897436153 0.028999215716077095 0.75 0.0 0.0 
 Ti 0.5769230769230769 0.27219109496074234 0.7857142857142858 0.0 0.0 
 Ti 0.5384615384615384 0.011354181953448346 0.7857142857142858 0.0 0.0 
 Ti 0.5512820512820769 0.2634057644641327 0.8214285714285715 0.0 0.0 
 Ti 0.5897435897436153 0.022966246087274916 0.8214285714285715 0.0 0.0 
 Ti 0.5769230769230769 0.2679333876429725 0.8571428571428573 0.0 0.0 
 Ti 0.5384615384615384 0.009121474528462152 0.8571428571428573 0.0 0.0 
 Ti 0.5512820512820769 0.26101695203201963 0.8928571428571429 0.0 0.0 
 Ti 0.5897435897436153 0.018976146134027996 0.8928571428571429 0.0 0.0 
 Ti 0.5769230769230769 0.9850475952494303 0.07142857142857144 0.0 0.0 
 Ti 0.5384615384615384 0.7424571796673008 0.07142857142857144 0.0 0.0 
 Ti 0.5512820512820769 0.9890650234230427 0.10714285714285716 0.0 0.0 
 Ti 0.5897435897436153 0.7311058293210343 0.10714285714285716 0.0 0.0 
 Ti 0.5769230769230769 0.9821485878120898 0.14285714285714288 0.0 0.0 
 Ti 0.5384615384615384 0.7409605009266 0.14285714285714288 0.0 0.0 
 Ti 0.5512820512820769 0.9866762109909296 0.17857142857142858 0.0 0.0 
 Ti 0.5897435897436153 0.7271157293677872 0.17857142857142858 0.0 0.0 
 Ti 0.5769230769230769 0.9778908804943198 0.21428571428571433 0.0 0.0 
 Ti 0.5384615384615384 0.7387277935016138 0.21428571428571433 0.0 0.0 
 Ti 0.5512820512820769 0.9829723167733526 0.25 0.0 0.0 
 Ti 0.5897435897436153 0.7210827597389852 0.25 0.0 0.0 
 Ti 0.5769230769230769 0.9710827597389927 0.28571428571428575 0.0 0.0 
 Ti 0.5384615384615384 0.7350475952494303 0.28571428571428575 0.0 0.0 
 Ti 0.5512820512820769 0.9764988028502993 0.32142857142857145 0.0 0.0 
 Ti 0.5897435897436153 0.7110703899845634 0.32142857142857145 0.0 0.0 
 Ti 0.5769230769230769 0.9587501492720237 0.35714285714285715 0.0 0.0 
 Ti 0.5384615384615384 0.7278908804943198 0.35714285714285715 0.0 0.0 
 Ti 0.5512820512820769 0.9626585783231661 0.3928571428571429 0.0 0.0 
 Ti 0.5897435897436153 0.6922510275626792 0.3928571428571429 0.0 0.0 
 Ti 0.5769230769230769 0.9322812308367361 0.42857142857142866 0.0 0.0 
 Ti 0.5384615384615384 0.7087501492720237 0.42857142857142866 0.0 0.0 
 Ti 0.5512820512820769 0.9212931010975397 0.4642857142857143 0.0 0.0 
 Ti 0.5897435897436153 0.653619072534612 0.4642857142857143 0.0 0.0 
 Ti 0.5769230769230769 0.8750409877275311 0.5 0.0 0.0 
 Ti 0.5384615384615384 0.6250409877275311 0.5 0.0 0.0 
 Ti 0.5512820512820769 0.8287888743575225 0.5357142857142857 0.0 0.0 
 Ti 0.5897435897436153 0.5964629029204501 0.5357142857142857 0.0 0.0 
 Ti 0.5769230769230769 0.8178007446183261 0.5714285714285715 0.0 0.0 
 Ti 0.5384615384615384 0.5413318261830385 0.5714285714285715 0.0 0.0 
 Ti 0.5512820512820769 0.7874233971318961 0.6071428571428572 0.0 0.0 
 Ti 0.5897435897436153 0.557830947892383 0.6071428571428572 0.0 0.0 
 Ti 0.5769230769230769 0.7913318261830385 0.6428571428571429 0.0 0.0 
 Ti 0.5384615384615384 0.5221910949607422 0.6428571428571429 0.0 0.0 
 Ti 0.5512820512820769 0.773583172604763 0.6785714285714286 0.0 0.0 
 Ti 0.5897435897436153 0.5390115854704988 0.6785714285714286 0.0 0.0 
 Ti 0.5769230769230769 0.7789992157160694 0.7142857142857143 0.0 0.0 
 Ti 0.5384615384615384 0.515034380205632 0.7142857142857143 0.0 0.0 
 Ti 0.5512820512820769 0.7671096586817095 0.75 0.0 0.0 
 Ti 0.5897435897436153 0.5289992157160771 0.75 0.0 0.0 
 Ti 0.5769230769230769 0.7721910949607423 0.7857142857142858 0.0 0.0 
 Ti 0.5384615384615384 0.5113541819534483 0.7857142857142858 0.0 0.0 
 Ti 0.5512820512820769 0.7634057644641328 0.8214285714285715 0.0 0.0 
 Ti 0.5897435897436153 0.5229662460872749 0.8214285714285715 0.0 0.0 
 Ti 0.5769230769230769 0.7679333876429726 0.8571428571428573 0.0 0.0 
 Ti 0.5384615384615384 0.5091214745284621 0.8571428571428573 0.0 0.0 
 Ti 0.5512820512820769 0.7610169520320197 0.8928571428571429 0.0 0.0 
 Ti 0.5897435897436153 0.518976146134028 0.8928571428571429 0.0 0.0 
 Ti 0.6538461538461539 0.4710827597389927 0.07142857142857144 0.0 0.0 
 Ti 0.6153846153846153 0.2278908804943199 0.07142857142857144 0.0 0.0 
 Ti 0.6282051282051538 0.47351325285670987 0.10714285714285716 0.0 0.0 
 Ti 0.6666666666666923 0.2163895919698485 0.10714285714285716 0.0 0.0 
 Ti 0.6538461538461539 0.4659330696587083 0.14285714285714288 0.0 0.0 
 Ti 0.6153846153846153 0.2237592368689726 0.14285714285714288 0.0 0.0 
 Ti 0.6282051282051538 0.46818734949205615 0.17857142857142858 0.0 0.0 
 Ti 0.6666666666666923 0.21002995711481284 0.17857142857142858 0.0 0.0 
 Ti 0.6538461538461539 0.4587501492720237 0.21428571428571433 0.0 0.0 
 Ti 0.6153846153846153 0.21783142838579 0.21428571428571433 0.0 0.0 
 Ti 0.6282051282051538 0.46039984983062954 0.25 0.0 0.0 
 Ti 0.6666666666666923 0.2010713631014615 0.25 0.0 0.0 
 Ti 0.6538461538461539 0.44826072477581075 0.28571428571428575 0.0 0.0 
 Ti 0.6153846153846153 0.20875014927202373 0.28571428571428575 0.0 0.0 
 Ti 0.6282051282051538 0.44826072477580303 0.32142857142857145 0.0 0.0 
 Ti 0.6666666666666923 0.18795794022378756 0.32142857142857145 0.0 0.0 
 Ti 0.6538461538461539 0.4322812308367362 0.35714285714285715 0.0 0.0 
 Ti 0.6153846153846153 0.19368395260662966 0.35714285714285715 0.0 0.0 
 Ti 0.6282051282051538 0.4281627639609282 0.3928571428571429 0.0 0.0 
 Ti 0.6666666666666923 0.16841908799157498 0.3928571428571429 0.0 0.0 
 Ti 0.6538461538461539 0.4078905596619823 0.42857142857142866 0.0 0.0 
 Ti 0.6153846153846153 0.16709951823376026 0.42857142857142866 0.0 0.0 
 Ti 0.6282051282051538 0.3954904158166993 0.4642857142857143 0.0 0.0 
 Ti 0.6666666666666923 0.14091318494684316 0.4642857142857143 0.0 0.0 
 Ti 0.6538461538461539 0.37504098772753114 0.5 0.0 0.0 
 Ti 0.6153846153846153 0.12504098772753114 0.5 0.0 0.0 
 Ti 0.6282051282051538 0.354591559638363 0.5357142857142857 0.0 0.0 
 Ti 0.6666666666666923 0.1091687905082191 0.5357142857142857 0.0 0.0 
 Ti 0.6538461538461539 0.34219141579307993 0.5714285714285715 0.0 0.0 
 Ti 0.6153846153846153 0.08298245722130193 0.5714285714285715 0.0 0.0 
 Ti 0.6282051282051538 0.32191921149413405 0.6071428571428572 0.0 0.0 
 Ti 0.6666666666666923 0.08166288746348727 0.6071428571428572 0.0 0.0 
 Ti 0.6538461538461539 0.3178007446183261 0.6428571428571429 0.0 0.0 
 Ti 0.6153846153846153 0.056398022848432636 0.6428571428571429 0.0 0.0 
 Ti 0.6282051282051538 0.3018212506792592 0.6785714285714286 0.0 0.0 
 Ti 0.6666666666666923 0.06212403523127472 0.6785714285714286 0.0 0.0 
 Ti 0.6538461538461539 0.30182125067925153 0.7142857142857143 0.0 0.0 
 Ti 0.6153846153846153 0.04133182618303855 0.7142857142857143 0.0 0.0 
 Ti 0.6282051282051538 0.28968212562443274 0.75 0.0 0.0 
 Ti 0.6666666666666923 0.0490106123536008 0.75 0.0 0.0 
 Ti 0.6538461538461539 0.2913318261830385 0.7857142857142858 0.0 0.0 
 Ti 0.6153846153846153 0.03225054706927231 0.7857142857142858 0.0 0.0 
 Ti 0.6282051282051538 0.2818946259630062 0.8214285714285715 0.0 0.0 
 Ti 0.6666666666666923 0.040052018340249476 0.8214285714285715 0.0 0.0 
 Ti 0.6538461538461539 0.28414890579635405 0.8571428571428573 0.0 0.0 
 Ti 0.6153846153846153 0.02632273858608969 0.8571428571428573 0.0 0.0 
 Ti 0.6282051282051538 0.27656872259835247 0.8928571428571429 0.0 0.0 
 Ti 0.6666666666666923 0.03369238348521374 0.8928571428571429 0.0 0.0 
 Ti 0.6538461538461539 0.9710827597389927 0.07142857142857144 0.0 0.0 
 Ti 0.6153846153846153 0.7278908804943198 0.07142857142857144 0.0 0.0 
 Ti 0.6282051282051538 0.9735132528567098 0.10714285714285716 0.0 0.0 
 Ti 0.6666666666666923 0.7163895919698485 0.10714285714285716 0.0 0.0 
 Ti 0.6538461538461539 0.9659330696587082 0.14285714285714288 0.0 0.0 
 Ti 0.6153846153846153 0.7237592368689726 0.14285714285714288 0.0 0.0 
 Ti 0.6282051282051538 0.9681873494920561 0.17857142857142858 0.0 0.0 
 Ti 0.6666666666666923 0.7100299571148129 0.17857142857142858 0.0 0.0 
 Ti 0.6538461538461539 0.9587501492720237 0.21428571428571433 0.0 0.0 
 Ti 0.6153846153846153 0.71783142838579 0.21428571428571433 0.0 0.0 
 Ti 0.6282051282051538 0.9603998498306295 0.25 0.0 0.0 
 Ti 0.6666666666666923 0.7010713631014616 0.25 0.0 0.0 
 Ti 0.6538461538461539 0.9482607247758107 0.28571428571428575 0.0 0.0 
 Ti 0.6153846153846153 0.7087501492720237 0.28571428571428575 0.0 0.0 
 Ti 0.6282051282051538 0.948260724775803 0.32142857142857145 0.0 0.0 
 Ti 0.6666666666666923 0.6879579402237875 0.32142857142857145 0.0 0.0 
 Ti 0.6538461538461539 0.9322812308367363 0.35714285714285715 0.0 0.0 
 Ti 0.6153846153846153 0.6936839526066295 0.35714285714285715 0.0 0.0 
 Ti 0.6282051282051538 0.9281627639609281 0.3928571428571429 0.0 0.0 
 Ti 0.6666666666666923 0.668419087991575 0.3928571428571429 0.0 0.0 
 Ti 0.6538461538461539 0.9078905596619824 0.42857142857142866 0.0 0.0 
 Ti 0.6153846153846153 0.6670995182337602 0.42857142857142866 0.0 0.0 
 Ti 0.6282051282051538 0.8954904158166992 0.4642857142857143 0.0 0.0 
 Ti 0.6666666666666923 0.6409131849468431 0.4642857142857143 0.0 0.0 
 Ti 0.6538461538461539 0.8750409877275311 0.5 0.0 0.0 
 Ti 0.6153846153846153 0.6250409877275311 0.5 0.0 0.0 
 Ti 0.6282051282051538 0.854591559638363 0.5357142857142857 0.0 0.0 
 Ti 0.6666666666666923 0.609168790508219 0.5357142857142857 0.0 0.0 
 Ti 0.6538461538461539 0.84219141579308 0.5714285714285715 0.0 0.0 
 Ti 0.6153846153846153 0.5829824572213019 0.5714285714285715 0.0 0.0 
 Ti 0.6282051282051538 0.821919211494134 0.6071428571428572 0.0 0.0 
 Ti 0.6666666666666923 0.5816628874634872 0.6071428571428572 0.0 0.0 
 Ti 0.6538461538461539 0.8178007446183261 0.6428571428571429 0.0 0.0 
 Ti 0.6153846153846153 0.5563980228484326 0.6428571428571429 0.0 0.0 
 Ti 0.6282051282051538 0.8018212506792592 0.6785714285714286 0.0 0.0 
 Ti 0.6666666666666923 0.5621240352312746 0.6785714285714286 0.0 0.0 
 Ti 0.6538461538461539 0.8018212506792515 0.7142857142857143 0.0 0.0 
 Ti 0.6153846153846153 0.5413318261830385 0.7142857142857143 0.0 0.0 
 Ti 0.6282051282051538 0.7896821256244327 0.75 0.0 0.0 
 Ti 0.6666666666666923 0.5490106123536007 0.75 0.0 0.0 
 Ti 0.6538461538461539 0.7913318261830385 0.7857142857142858 0.0 0.0 
 Ti 0.6153846153846153 0.5322505470692723 0.7857142857142858 0.0 0.0 
 Ti 0.6282051282051538 0.7818946259630062 0.8214285714285715 0.0 0.0 
 Ti 0.6666666666666923 0.5400520183402494 0.8214285714285715 0.0 0.0 
 Ti 0.6538461538461539 0.7841489057963541 0.8571428571428573 0.0 0.0 
 Ti 0.6153846153846153 0.5263227385860897 0.8571428571428573 0.0 0.0 
 Ti 0.6282051282051538 0.7765687225983525 0.8928571428571429 0.0 0.0 
 Ti 0.6666666666666923 0.5336923834852138 0.8928571428571429 0.0 0.0 
 Ti 0.7307692307692307 0.4587501492720237 0.07142857142857144 0.0 0.0 
 Ti 0.6923076923076923 0.21468993409613252 0.07142857142857144 0.0 0.0 
 Ti 0.7051282051282308 0.45979554984208704 0.10714285714285716 0.0 0.0 
 Ti 0.7435897435897693 0.2037544923878776 0.10714285714285716 0.0 0.0 
 Ti 0.7307692307692307 0.4522367469028741 0.14285714285714288 0.0 0.0 
 Ti 0.6923076923076923 0.20875014927202373 0.14285714285714288 0.0 0.0 
 Ti 0.7051282051282308 0.45269638317619 0.17857142857142858 0.0 0.0 
 Ti 0.7435897435897693 0.19617402416488666 0.17857142857142858 0.0 0.0 
 Ti 0.7307692307692307 0.4436839526066297 0.21428571428571433 0.0 0.0 
 Ti 0.6923076923076923 0.2007120383730628 0.21428571428571433 0.0 0.0 
 Ti 0.7051282051282308 0.4430643284574856 0.25 0.0 0.0 
 Ti 0.7435897435897693 0.18624712047929778 0.25 0.0 0.0 
 Ti 0.7307692307692307 0.4322812308367362 0.28571428571428575 0.0 0.0 
 Ti 0.6923076923076923 0.1895171408742315 0.28571428571428575 0.0 0.0 
 Ti 0.7051282051282308 0.42974887536292095 0.32142857142857145 0.0 0.0 
 Ti 0.7435897435897693 0.17318435644840044 0.32142857142857145 0.0 0.0 
 Ti 0.7307692307692307 0.4170995182337603 0.35714285714285715 0.0 0.0 
 Ti 0.6923076923076923 0.17367848415237827 0.35714285714285715 0.0 0.0 
 Ti 0.7051282051282308 0.41147109320209285 0.3928571428571429 0.0 0.0 
 Ti 0.7435897435897693 0.15633862032932377 0.3928571428571429 0.0 0.0 
 Ti 0.7307692307692307 0.3976477669780223 0.42857142857142866 0.0 0.0 
 Ti 0.6923076923076923 0.15185938901710289 0.42857142857142866 0.0 0.0 
 Ti 0.7051282051282308 0.38799531071637994 0.4642857142857143 0.0 0.0 
 Ti 0.7435897435897693 0.1359779181202054 0.4642857142857143 0.0 0.0 
 Ti 0.7307692307692307 0.37504098772753114 0.5 0.0 0.0 
 Ti 0.6923076923076923 0.12504098772753114 0.5 0.0 0.0 
 Ti 0.7051282051282308 0.3620866647386824 0.5357142857142857 0.0 0.0 
 Ti 0.7435897435897693 0.11410405733485687 0.5357142857142857 0.0 0.0 
 Ti 0.7307692307692307 0.35243420847703993 0.5714285714285715 0.0 0.0 
 Ti 0.6923076923076923 0.09822258643795936 0.5714285714285715 0.0 0.0 
 Ti 0.7051282051282308 0.3386108822529694 0.6071428571428572 0.0 0.0 
 Ti 0.7435897435897693 0.09374335512573848 0.6071428571428572 0.0 0.0 
 Ti 0.7307692307692307 0.33298245722130193 0.6428571428571429 0.0 0.0 
 Ti 0.6923076923076923 0.07640349130268398 0.6428571428571429 0.0 0.0 
 Ti 0.7051282051282308 0.32033310009214133 0.6785714285714286 0.0 0.0 
 Ti 0.7435897435897693 0.07689761900666181 0.6785714285714286 0.0 0.0 
 Ti 0.7307692307692307 0.3178007446183261 0.7142857142857143 0.0 0.0 
 Ti 0.6923076923076923 0.0605648345808308 0.7142857142857143 0.0 0.0 
 Ti 0.7051282051282308 0.30701764699757667 0.75 0.0 0.0 
 Ti 0.7435897435897693 0.06383485497576447 0.75 0.0 0.0 
 Ti 0.7307692307692307 0.30639802284843265 0.7857142857142858 0.0 0.0 
 Ti 0.6923076923076923 0.04936993708199946 0.7857142857142858 0.0 0.0 
 Ti 0.7051282051282308 0.2973855922788723 0.8214285714285715 0.0 0.0 
 Ti 0.7435897435897693 0.05390795129017561 0.8214285714285715 0.0 0.0 
 Ti 0.7307692307692307 0.29784522855218826 0.8571428571428573 0.0 0.0 
 Ti 0.6923076923076923 0.04133182618303851 0.8571428571428573 0.0 0.0 
 Ti 0.7051282051282308 0.29028642561297524 0.8928571428571429 0.0 0.0 
 Ti 0.7435897435897693 0.04632748306718465 0.8928571428571429 0.0 0.0 
 Ti 0.7307692307692307 0.9587501492720237 0.07142857142857144 0.0 0.0 
 Ti 0.6923076923076923 0.7146899340961325 0.07142857142857144 0.0 0.0 
 Ti 0.7051282051282308 0.959795549842087 0.10714285714285716 0.0 0.0 
 Ti 0.7435897435897693 0.7037544923878776 0.10714285714285716 0.0 0.0 
 Ti 0.7307692307692307 0.9522367469028741 0.14285714285714288 0.0 0.0 
 Ti 0.6923076923076923 0.7087501492720237 0.14285714285714288 0.0 0.0 
 Ti 0.7051282051282308 0.9526963831761899 0.17857142857142858 0.0 0.0 
 Ti 0.7435897435897693 0.6961740241648866 0.17857142857142858 0.0 0.0 
 Ti 0.7307692307692307 0.9436839526066296 0.21428571428571433 0.0 0.0 
 Ti 0.6923076923076923 0.7007120383730628 0.21428571428571433 0.0 0.0 
 Ti 0.7051282051282308 0.9430643284574856 0.25 0.0 0.0 
 Ti 0.7435897435897693 0.6862471204792978 0.25 0.0 0.0 
 Ti 0.7307692307692307 0.9322812308367363 0.28571428571428575 0.0 0.0 
 Ti 0.6923076923076923 0.6895171408742314 0.28571428571428575 0.0 0.0 
 Ti 0.7051282051282308 0.929748875362921 0.32142857142857145 0.0 0.0 
 Ti 0.7435897435897693 0.6731843564484005 0.32142857142857145 0.0 0.0 
 Ti 0.7307692307692307 0.9170995182337603 0.35714285714285715 0.0 0.0 
 Ti 0.6923076923076923 0.6736784841523782 0.35714285714285715 0.0 0.0 
 Ti 0.7051282051282308 0.9114710932020929 0.3928571428571429 0.0 0.0 
 Ti 0.7435897435897693 0.6563386203293238 0.3928571428571429 0.0 0.0 
 Ti 0.7307692307692307 0.8976477669780224 0.42857142857142866 0.0 0.0 
 Ti 0.6923076923076923 0.6518593890171028 0.42857142857142866 0.0 0.0 
 Ti 0.7051282051282308 0.8879953107163798 0.4642857142857143 0.0 0.0 
 Ti 0.7435897435897693 0.6359779181202053 0.4642857142857143 0.0 0.0 
 Ti 0.7307692307692307 0.8750409877275311 0.5 0.0 0.0 
 Ti 0.6923076923076923 0.6250409877275311 0.5 0.0 0.0 
 Ti 0.7051282051282308 0.8620866647386823 0.5357142857142857 0.0 0.0 
 Ti 0.7435897435897693 0.6141040573348568 0.5357142857142857 0.0 0.0 
 Ti 0.7307692307692307 0.85243420847704 0.5714285714285715 0.0 0.0 
 Ti 0.6923076923076923 0.5982225864379593 0.5714285714285715 0.0 0.0 
 Ti 0.7051282051282308 0.8386108822529693 0.6071428571428572 0.0 0.0 
 Ti 0.7435897435897693 0.5937433551257384 0.6071428571428572 0.0 0.0 
 Ti 0.7307692307692307 0.8329824572213019 0.6428571428571429 0.0 0.0 
 Ti 0.6923076923076923 0.576403491302684 0.6428571428571429 0.0 0.0 
 Ti 0.7051282051282308 0.8203331000921413 0.6785714285714286 0.0 0.0 
 Ti 0.7435897435897693 0.5768976190066618 0.6785714285714286 0.0 0.0 
 Ti 0.7307692307692307 0.8178007446183261 0.7142857142857143 0.0 0.0 
 Ti 0.6923076923076923 0.5605648345808307 0.7142857142857143 0.0 0.0 
 Ti 0.7051282051282308 0.8070176469975767 0.75 0.0 0.0 
 Ti 0.7435897435897693 0.5638348549757645 0.75 0.0 0.0 
 Ti 0.7307692307692307 0.8063980228484325 0.7857142857142858 0.0 0.0 
 Ti 0.6923076923076923 0.5493699370819993 0.7857142857142858 0.0 0.0 
 Ti 0.7051282051282308 0.7973855922788723 0.8214285714285715 0.0 0.0 
 Ti 0.7435897435897693 0.5539079512901756 0.8214285714285715 0.0 0.0 
 Ti 0.7307692307692307 0.7978452285521882 0.8571428571428573 0.0 0.0 
 Ti 0.6923076923076923 0.5413318261830385 0.8571428571428573 0.0 0.0 
 Ti 0.7051282051282308 0.7902864256129752 0.8928571428571429 0.0 0.0 
 Ti 0.7435897435897693 0.5463274830671847 0.8928571428571429 0.0 0.0 
 Ti 0.8076923076923076 0.44826072477581075 0.07142857142857144 0.0 0.0 
 Ti 0.7692307692307692 0.2032760208474801 0.07142857142857144 0.0 0.0 
 Ti 0.7820512820513077 0.44826072477580725 0.10714285714285716 0.0 0.0 
 Ti 0.8205128205128461 0.193288683342551 0.10714285714285716 0.0 0.0 
 Ti 0.8076923076923076 0.44113671087759215 0.14285714285714288 0.0 0.0 
 Ti 0.7692307692307692 0.1963788573066906 0.14285714285714288 0.0 0.0 
 Ti 0.7820512820513077 0.44040931025493807 0.17857142857142858 0.0 0.0 
 Ti 0.8205128205128461 0.18532830348141927 0.17857142857142858 0.0 0.0 
 Ti 0.8076923076923076 0.4322812308367362 0.21428571428571433 0.0 0.0 
 Ti 0.7692307692307692 0.18757731751581905 0.21428571428571433 0.0 0.0 
 Ti 0.7820512820513077 0.4304531314466908 0.25 0.0 0.0 
 Ti 0.8205128205128461 0.17551742432249565 0.25 0.0 0.0 
 Ti 0.8076923076923076 0.421293101097558 0.28571428571428575 0.0 0.0 
 Ti 0.7692307692307692 0.1762869492624756 0.28571428571428575 0.0 0.0 
 Ti 0.7820512820513077 0.41788241408866705 0.32142857142857145 0.0 0.0 
 Ti 0.8205128205128461 0.16354665487035808 0.32142857142857145 0.0 0.0 
 Ti 0.8076923076923076 0.4078905596619823 0.35714285714285715 0.0 0.0 
 Ti 0.7692307692307692 0.16197027232152258 0.35714285714285715 0.0 0.0 
 Ti 0.7820512820513077 0.4024223467019141 0.3928571428571429 0.0 0.0 
 Ti 0.8205128205128461 0.1493495383000238 0.3928571428571429 0.0 0.0 
 Ti 0.8076923076923076 0.3921967299688983 0.42857142857142866 0.0 0.0 
 Ti 0.7692307692307692 0.1445561353571422 0.42857142857142866 0.0 0.0 
 Ti 0.7820512820513077 0.38450162857682707 0.4642857142857143 0.0 0.0 
 Ti 0.8205128205128461 0.13337519809374593 0.4642857142857143 0.0 0.0 
 Ti 0.8076923076923076 0.37504098772753114 0.5 0.0 0.0 
 Ti 0.7692307692307692 0.12504098772753114 0.5 0.0 0.0 
 Ti 0.7820512820513077 0.36558034687823526 0.5357142857142857 0.0 0.0 
 Ti 0.8205128205128461 0.11670677736131632 0.5357142857142857 0.0 0.0 
 Ti 0.8076923076923076 0.3578852454861639 0.5714285714285715 0.0 0.0 
 Ti 0.7692307692307692 0.10552584009792007 0.5714285714285715 0.0 0.0 
 Ti 0.7820512820513077 0.3476596287531481 0.6071428571428572 0.0 0.0 
 Ti 0.8205128205128461 0.10073243715503845 0.6071428571428572 0.0 0.0 
 Ti 0.8076923076923076 0.34219141579307993 0.6428571428571429 0.0 0.0 
 Ti 0.7692307692307692 0.08811170313353966 0.6428571428571429 0.0 0.0 
 Ti 0.7820512820513077 0.3321995613663953 0.6785714285714286 0.0 0.0 
 Ti 0.8205128205128461 0.08653532058470419 0.6785714285714286 0.0 0.0 
 Ti 0.8076923076923076 0.32878887435750426 0.7142857142857143 0.0 0.0 
 Ti 0.7692307692307692 0.07379502619258671 0.7142857142857143 0.0 0.0 
 Ti 0.7820512820513077 0.31962884400837155 0.75 0.0 0.0 
 Ti 0.8205128205128461 0.0745645511325666 0.75 0.0 0.0 
 Ti 0.8076923076923076 0.3178007446183261 0.7857142857142858 0.0 0.0 
 Ti 0.7692307692307692 0.06250465793924323 0.7857142857142858 0.0 0.0 
 Ti 0.7820512820513077 0.30967266520012415 0.8214285714285715 0.0 0.0 
 Ti 0.8205128205128461 0.06475367197364303 0.8214285714285715 0.0 0.0 
 Ti 0.8076923076923076 0.3089452645774701 0.8571428571428573 0.0 0.0 
 Ti 0.7692307692307692 0.05370311814837167 0.8571428571428573 0.0 0.0 
 Ti 0.7820512820513077 0.301821250679255 0.8928571428571429 0.0 0.0 
 Ti 0.8205128205128461 0.056793292112511315 0.8928571428571429 0.0 0.0 
 Ti 0.8076923076923076 0.9482607247758107 0.07142857142857144 0.0 0.0 
 Ti 0.7692307692307692 0.7032760208474801 0.07142857142857144 0.0 0.0 
 Ti 0.7820512820513077 0.9482607247758074 0.10714285714285716 0.0 0.0 
 Ti 0.8205128205128461 0.693288683342551 0.10714285714285716 0.0 0.0 
 Ti 0.8076923076923076 0.9411367108775922 0.14285714285714288 0.0 0.0 
 Ti 0.7692307692307692 0.6963788573066905 0.14285714285714288 0.0 0.0 
 Ti 0.7820512820513077 0.9404093102549381 0.17857142857142858 0.0 0.0 
 Ti 0.8205128205128461 0.6853283034814192 0.17857142857142858 0.0 0.0 
 Ti 0.8076923076923076 0.9322812308367363 0.21428571428571433 0.0 0.0 
 Ti 0.7692307692307692 0.687577317515819 0.21428571428571433 0.0 0.0 
 Ti 0.7820512820513077 0.9304531314466907 0.25 0.0 0.0 
 Ti 0.8205128205128461 0.6755174243224956 0.25 0.0 0.0 
 Ti 0.8076923076923076 0.9212931010975581 0.28571428571428575 0.0 0.0 
 Ti 0.7692307692307692 0.6762869492624756 0.28571428571428575 0.0 0.0 
 Ti 0.7820512820513077 0.917882414088667 0.32142857142857145 0.0 0.0 
 Ti 0.8205128205128461 0.663546654870358 0.32142857142857145 0.0 0.0 
 Ti 0.8076923076923076 0.9078905596619824 0.35714285714285715 0.0 0.0 
 Ti 0.7692307692307692 0.6619702723215225 0.35714285714285715 0.0 0.0 
 Ti 0.7820512820513077 0.9024223467019141 0.3928571428571429 0.0 0.0 
 Ti 0.8205128205128461 0.6493495383000237 0.3928571428571429 0.0 0.0 
 Ti 0.8076923076923076 0.8921967299688984 0.42857142857142866 0.0 0.0 
 Ti 0.7692307692307692 0.6445561353571422 0.42857142857142866 0.0 0.0 
 Ti 0.7820512820513077 0.884501628576827 0.4642857142857143 0.0 0.0 
 Ti 0.8205128205128461 0.6333751980937459 0.4642857142857143 0.0 0.0 
 Ti 0.8076923076923076 0.8750409877275311 0.5 0.0 0.0 
 Ti 0.7692307692307692 0.6250409877275311 0.5 0.0 0.0 
 Ti 0.7820512820513077 0.8655803468782352 0.5357142857142857 0.0 0.0 
 Ti 0.8205128205128461 0.6167067773613163 0.5357142857142857 0.0 0.0 
 Ti 0.8076923076923076 0.857885245486164 0.5714285714285715 0.0 0.0 
 Ti 0.7692307692307692 0.6055258400979201 0.5714285714285715 0.0 0.0 
 Ti 0.7820512820513077 0.8476596287531482 0.6071428571428572 0.0 0.0 
 Ti 0.8205128205128461 0.6007324371550383 0.6071428571428572 0.0 0.0 
 Ti 0.8076923076923076 0.84219141579308 0.6428571428571429 0.0 0.0 
 Ti 0.7692307692307692 0.5881117031335397 0.6428571428571429 0.0 0.0 
 Ti 0.7820512820513077 0.8321995613663952 0.6785714285714286 0.0 0.0 
 Ti 0.8205128205128461 0.5865353205847041 0.6785714285714286 0.0 0.0 
 Ti 0.8076923076923076 0.8287888743575043 0.7142857142857143 0.0 0.0 
 Ti 0.7692307692307692 0.5737950261925867 0.7142857142857143 0.0 0.0 
 Ti 0.7820512820513077 0.8196288440083715 0.75 0.0 0.0 
 Ti 0.8205128205128461 0.5745645511325665 0.75 0.0 0.0 
 Ti 0.8076923076923076 0.8178007446183261 0.7857142857142858 0.0 0.0 
 Ti 0.7692307692307692 0.5625046579392432 0.7857142857142858 0.0 0.0 
 Ti 0.7820512820513077 0.809672665200124 0.8214285714285715 0.0 0.0 
 Ti 0.8205128205128461 0.564753671973643 0.8214285714285715 0.0 0.0 
 Ti 0.8076923076923076 0.8089452645774701 0.8571428571428573 0.0 0.0 
 Ti 0.7692307692307692 0.5537031181483716 0.8571428571428573 0.0 0.0 
 Ti 0.7820512820513077 0.801821250679255 0.8928571428571429 0.0 0.0 
 Ti 0.8205128205128461 0.5567932921125113 0.8928571428571429 0.0 0.0 
 Ti 0.8846153846153846 0.43951714087423144 0.07142857142857144 0.0 0.0 
 Ti 0.846153846153846 0.19368395260662966 0.07142857142857144 0.0 0.0 
 Ti 0.8589743589743846 0.43880106018461235 0.10714285714285716 0.0 0.0 
 Ti 0.897435897435923 0.18475503536178645 0.10714285714285716 0.0 0.0 
 Ti 0.8846153846153846 0.4322812308367362 0.14285714285714288 0.0 0.0 
 Ti 0.846153846153846 0.1864569282552573 0.14285714285714288 0.0 0.0 
 Ti 0.8589743589743846 0.4308509416247421 0.17857142857142858 0.0 0.0 
 Ti 0.897435897435923 0.17689950128874232 0.17857142857142858 0.0 0.0 
 Ti 0.8846153846153846 0.42367848415237824 0.21428571428571433 0.0 0.0 
 Ti 0.846153846153846 0.17768296761086055 0.21428571428571433 0.0 0.0 
 Ti 0.8589743589743846 0.4212931010975554 0.25 0.0 0.0 
 Ti 0.897435897435923 0.16765605955278856 0.25 0.0 0.0 
 Ti 0.8846153846153846 0.41354665487036074 0.28571428571428575 0.0 0.0 
 Ti 0.846153846153846 0.16709951823376032 0.28571428571428575 0.0 0.0 
 Ti 0.8589743589743846 0.409954960544027 0.32142857142857145 0.0 0.0 
 Ti 0.897435897435923 0.15694243277138328 0.32142857142857145 0.0 0.0 
 Ti 0.8846153846153846 0.401859389017103 0.35714285714285715 0.0 0.0 
 Ti 0.846153846153846 0.15458431129533495 0.35714285714285715 0.0 0.0 
 Ti 0.8589743589743846 0.3968810246161028 0.3928571428571429 0.0 0.0 
 Ti 0.897435897435923 0.1448581301033668 0.3928571428571429 0.0 0.0 
 Ti 0.8846153846153846 0.38884222949234165 0.42857142857142866 0.0 0.0 
 Ti 0.846153846153846 0.1403399792716274 0.42857142857142866 0.0 0.0 
 Ti 0.8589743589743846 0.3824877635026389 0.4642857142857143 0.0 0.0 
 Ti 0.897435897435923 0.13177072348793703 0.4642857142857143 0.0 0.0 
 Ti 0.8846153846153846 0.37504098772753114 0.5 0.0 0.0 
 Ti 0.846153846153846 0.12504098772753114 0.5 0.0 0.0 
 Ti 0.8589743589743846 0.3675942119524233 0.5357142857142857 0.0 0.0 
 Ti 0.897435897435923 0.11831125196712526 0.5357142857142857 0.0 0.0 
 Ti 0.8846153846153846 0.36123974596272057 0.5714285714285715 0.0 0.0 
 Ti 0.846153846153846 0.10974199618343487 0.5714285714285715 0.0 0.0 
 Ti 0.8589743589743846 0.3532009508389595 0.6071428571428572 0.0 0.0 
 Ti 0.897435897435923 0.10522384535169546 0.6071428571428572 0.0 0.0 
 Ti 0.8846153846153846 0.34822258643795934 0.6428571428571429 0.0 0.0 
 Ti 0.846153846153846 0.0954976641597273 0.6428571428571429 0.0 0.0 
 Ti 0.8589743589743846 0.34012701491103525 0.6785714285714286 0.0 0.0 
 Ti 0.897435897435923 0.093139542683679 0.6785714285714286 0.0 0.0 
 Ti 0.8846153846153846 0.3365353205847016 0.7142857142857143 0.0 0.0 
 Ti 0.846153846153846 0.08298245722130197 0.7142857142857143 0.0 0.0 
 Ti 0.8589743589743846 0.32878887435750687 0.75 0.0 0.0 
 Ti 0.897435897435923 0.08242591590227372 0.75 0.0 0.0 
 Ti 0.8846153846153846 0.32640349130268403 0.7857142857142858 0.0 0.0 
 Ti 0.846153846153846 0.07239900784420171 0.7857142857142858 0.0 0.0 
 Ti 0.8589743589743846 0.3192310338303202 0.8214285714285715 0.0 0.0 
 Ti 0.897435897435923 0.07318247416631998 0.8214285714285715 0.0 0.0 
 Ti 0.8846153846153846 0.3178007446183261 0.8571428571428573 0.0 0.0 
 Ti 0.846153846153846 0.06362504719980497 0.8571428571428573 0.0 0.0 
 Ti 0.8589743589743846 0.31128091527044993 0.8928571428571429 0.0 0.0 
 Ti 0.897435897435923 0.06532694009327587 0.8928571428571429 0.0 0.0 
 Ti 0.8846153846153846 0.9395171408742314 0.07142857142857144 0.0 0.0 
 Ti 0.846153846153846 0.6936839526066295 0.07142857142857144 0.0 0.0 
 Ti 0.8589743589743846 0.9388010601846123 0.10714285714285716 0.0 0.0 
 Ti 0.897435897435923 0.6847550353617864 0.10714285714285716 0.0 0.0 
 Ti 0.8846153846153846 0.9322812308367363 0.14285714285714288 0.0 0.0 
 Ti 0.846153846153846 0.6864569282552573 0.14285714285714288 0.0 0.0 
 Ti 0.8589743589743846 0.930850941624742 0.17857142857142858 0.0 0.0 
 Ti 0.897435897435923 0.6768995012887422 0.17857142857142858 0.0 0.0 
 Ti 0.8846153846153846 0.9236784841523783 0.21428571428571433 0.0 0.0 
 Ti 0.846153846153846 0.6776829676108606 0.21428571428571433 0.0 0.0 
 Ti 0.8589743589743846 0.9212931010975555 0.25 0.0 0.0 
 Ti 0.897435897435923 0.6676560595527885 0.25 0.0 0.0 
 Ti 0.8846153846153846 0.9135466548703607 0.28571428571428575 0.0 0.0 
 Ti 0.846153846153846 0.6670995182337602 0.28571428571428575 0.0 0.0 
 Ti 0.8589743589743846 0.909954960544027 0.32142857142857145 0.0 0.0 
 Ti 0.897435897435923 0.6569424327713832 0.32142857142857145 0.0 0.0 
 Ti 0.8846153846153846 0.9018593890171029 0.35714285714285715 0.0 0.0 
 Ti 0.846153846153846 0.6545843112953349 0.35714285714285715 0.0 0.0 
 Ti 0.8589743589743846 0.8968810246161028 0.3928571428571429 0.0 0.0 
 Ti 0.897435897435923 0.6448581301033668 0.3928571428571429 0.0 0.0 
 Ti 0.8846153846153846 0.8888422294923417 0.42857142857142866 0.0 0.0 
 Ti 0.846153846153846 0.6403399792716273 0.42857142857142866 0.0 0.0 
 Ti 0.8589743589743846 0.882487763502639 0.4642857142857143 0.0 0.0 
 Ti 0.897435897435923 0.631770723487937 0.4642857142857143 0.0 0.0 
 Ti 0.8846153846153846 0.8750409877275311 0.5 0.0 0.0 
 Ti 0.846153846153846 0.6250409877275311 0.5 0.0 0.0 
 Ti 0.8589743589743846 0.8675942119524234 0.5357142857142857 0.0 0.0 
 Ti 0.897435897435923 0.6183112519671252 0.5357142857142857 0.0 0.0 
 Ti 0.8846153846153846 0.8612397459627206 0.5714285714285715 0.0 0.0 
 Ti 0.846153846153846 0.6097419961834348 0.5714285714285715 0.0 0.0 
 Ti 0.8589743589743846 0.8532009508389596 0.6071428571428572 0.0 0.0 
 Ti 0.897435897435923 0.6052238453516955 0.6071428571428572 0.0 0.0 
 Ti 0.8846153846153846 0.8482225864379594 0.6428571428571429 0.0 0.0 
 Ti 0.846153846153846 0.5954976641597273 0.6428571428571429 0.0 0.0 
 Ti 0.8589743589743846 0.8401270149110353 0.6785714285714286 0.0 0.0 
 Ti 0.897435897435923 0.593139542683679 0.6785714285714286 0.0 0.0 
 Ti 0.8846153846153846 0.8365353205847016 0.7142857142857143 0.0 0.0 
 Ti 0.846153846153846 0.5829824572213019 0.7142857142857143 0.0 0.0 
 Ti 0.8589743589743846 0.8287888743575068 0.75 0.0 0.0 
 Ti 0.897435897435923 0.5824259159022737 0.75 0.0 0.0 
 Ti 0.8846153846153846 0.8264034913026841 0.7857142857142858 0.0 0.0 
 Ti 0.846153846153846 0.5723990078442017 0.7857142857142858 0.0 0.0 
 Ti 0.8589743589743846 0.8192310338303201 0.8214285714285715 0.0 0.0 
 Ti 0.897435897435923 0.57318247416632 0.8214285714285715 0.0 0.0 
 Ti 0.8846153846153846 0.8178007446183261 0.8571428571428573 0.0 0.0 
 Ti 0.846153846153846 0.5636250471998049 0.8571428571428573 0.0 0.0 
 Ti 0.8589743589743846 0.81128091527045 0.8928571428571429 0.0 0.0 
 Ti 0.897435897435923 0.5653269400932759 0.8928571428571429 0.0 0.0 
 ninert 400
 Ti 0.03846153846153846 0.5616026071521474 0.0 0.0 0.0 
 Ti 0.0 0.3147849979358496 0.0 0.0 0.0 
 Ti 0.012820512820538461 0.5666928909158327 0.03571428571428572 0.0 0.0 
 Ti 0.05128205128207692 0.3134296253537958 0.03571428571428572 0.0 0.0 
 Ti 0.03846153846153846 0.5677187691632638 0.07142857142857144 0.0 0.0 
 Ti 0.0 0.3208551476449739 0.07142857142857144 0.0 0.0 
 Ti 0.012820512820538461 0.5732128010024755 0.10714285714285716 0.0 0.0 
 Ti 0.05128205128207692 0.32002867244162503 0.10714285714285716 0.0 0.0 
 Ti 0.03846153846153846 0.5747848323659375 0.14285714285714288 0.0 0.0 
 Ti 0.0 0.32777794185895054 0.14285714285714288 0.0 0.0 
 Ti 0.012820512820538461 0.5806591462119992 0.17857142857142858 0.0 0.0 
 Ti 0.05128205128207692 0.32767269370772806 0.17857142857142858 0.0 0.0 
 Ti 0.03846153846153846 0.5829004817662398 0.21428571428571433 0.0 0.0 
 Ti 0.0 0.33561783715676385 0.21428571428571433 0.0 0.0 
 Ti 0.012820512820538461 0.5890842453770097 0.25 0.0 0.0 
 Ti 0.05128205128207692 0.3364533451296374 0.25 0.0 0.0 
 Ti 0.03846153846153846 0.5921094403380177 0.28571428571428575 0.0 0.0 
 Ti 0.0 0.34438631079576937 0.28571428571428575 0.0 0.0 
 Ti 0.012820512820538461 0.5984678189459692 0.32142857142857145 0.0 0.0 
 Ti 0.05128205128207692 0.34638092746537896 0.32142857142857145 0.0 0.0 
 Ti 0.03846153846153846 0.6023522330219777 0.35714285714285715 0.0 0.0 
 Ti 0.0 0.354008871943451 0.35714285714285715 0.0 0.0 
 Ti 0.012820512820538461 0.6086805463864694 0.3928571428571429 0.0 0.0 
 Ti 0.05128205128207692 0.35732878919419675 0.3928571428571429 0.0 0.0 
 Ti 0.03846153846153846 0.6134227389447855 0.42857142857142866 0.0 0.0 
 Ti 0.0 0.3642991278909548 0.42857142857142866 0.0 0.0 
 Ti 0.012820512820538461 0.619464584044957 0.4642857142857143 0.0 0.0 
 Ti 0.05128205128207692 0.36899532637081467 0.4642857142857143 0.0 0.0 
 Ti 0.03846153846153846 0.624959012272469 0.5 0.0 0.0 
 Ti 0.0 0.37495901227246886 0.5 0.0 0.0 
 Ti 0.012820512820538461 0.6304534404999808 0.5357142857142857 0.0 0.0 
 Ti 0.05128205128207692 0.38092269817412316 0.5357142857142857 0.0 0.0 
 Ti 0.03846153846153846 0.6364952856001521 0.5714285714285715 0.0 0.0 
 Ti 0.0 0.3856188966539829 0.5714285714285715 0.0 0.0 
 Ti 0.012820512820538461 0.6412374781584682 0.6071428571428572 0.0 0.0 
 Ti 0.05128205128207692 0.392589235350741 0.6071428571428572 0.0 0.0 
 Ti 0.03846153846153846 0.6475657915229601 0.6428571428571429 0.0 0.0 
 Ti 0.0 0.3959091526014868 0.6428571428571429 0.0 0.0 
 Ti 0.012820512820538461 0.6514502055989686 0.6785714285714286 0.0 0.0 
 Ti 0.05128205128207692 0.4035370970795588 0.6785714285714286 0.0 0.0 
 Ti 0.03846153846153846 0.65780858420692 0.7142857142857143 0.0 0.0 
 Ti 0.0 0.40553171374916847 0.7142857142857143 0.0 0.0 
 Ti 0.012820512820538461 0.660833779167928 0.75 0.0 0.0 
 Ti 0.05128205128207692 0.4134646794153003 0.75 0.0 0.0 
 Ti 0.03846153846153846 0.6670175427786981 0.7857142857142858 0.0 0.0 
 Ti 0.0 0.4143001873881739 0.7857142857142858 0.0 0.0 
 Ti 0.012820512820538461 0.6692588783329385 0.8214285714285715 0.0 0.0 
 Ti 0.05128205128207692 0.42224533083720966 0.8214285714285715 0.0 0.0 
 Ti 0.03846153846153846 0.6751331921790004 0.8571428571428573 0.0 0.0 
 Ti 0.0 0.4221400826859872 0.8571428571428573 0.0 0.0 
 Ti 0.012820512820538461 0.6767052235424622 0.8928571428571429 0.0 0.0 
 Ti 0.05128205128207692 0.4298893521033127 0.8928571428571429 0.0 0.0 
 Ti 0.03846153846153846 0.6821992553816739 0.9285714285714286 0.0 0.0 
 Ti 0.0 0.4290628768999639 0.9285714285714286 0.0 0.0 
 Ti 0.012820512820538461 0.6832251336291051 0.9642857142857144 0.0 0.0 
 Ti 0.05128205128207692 0.4364883991911419 0.9642857142857144 0.0 0.0 
 Ti 0.03846153846153846 1.0616026071521474 0.0 0.0 0.0 
 Ti 0.0 0.8147849979358495 0.0 0.0 0.0 
 Ti 0.012820512820538461 1.0666928909158326 0.03571428571428572 0.0 0.0 
 Ti 0.05128205128207692 0.8134296253537958 0.03571428571428572 0.0 0.0 
 Ti 0.03846153846153846 1.0677187691632637 0.07142857142857144 0.0 0.0 
 Ti 0.0 0.8208551476449738 0.07142857142857144 0.0 0.0 
 Ti 0.012820512820538461 1.0732128010024755 0.10714285714285716 0.0 0.0 
 Ti 0.05128205128207692 0.820028672441625 0.10714285714285716 0.0 0.0 
 Ti 0.03846153846153846 1.0747848323659375 0.14285714285714288 0.0 0.0 
 Ti 0.0 0.8277779418589505 0.14285714285714288 0.0 0.0 
 Ti 0.012820512820538461 1.0806591462119992 0.17857142857142858 0.0 0.0 
 Ti 0.05128205128207692 0.827672693707728 0.17857142857142858 0.0 0.0 
 Ti 0.03846153846153846 1.0829004817662398 0.21428571428571433 0.0 0.0 
 Ti 0.0 0.8356178371567639 0.21428571428571433 0.0 0.0 
 Ti 0.012820512820538461 1.0890842453770098 0.25 0.0 0.0 
 Ti 0.05128205128207692 0.8364533451296374 0.25 0.0 0.0 
 Ti 0.03846153846153846 1.0921094403380176 0.28571428571428575 0.0 0.0 
 Ti 0.0 0.8443863107957693 0.28571428571428575 0.0 0.0 
 Ti 0.012820512820538461 1.0984678189459691 0.32142857142857145 0.0 0.0 
 Ti 0.05128205128207692 0.8463809274653789 0.32142857142857145 0.0 0.0 
 Ti 0.03846153846153846 1.1023522330219777 0.35714285714285715 0.0 0.0 
 Ti 0.0 0.8540088719434509 0.35714285714285715 0.0 0.0 
 Ti 0.012820512820538461 1.1086805463864695 0.3928571428571429 0.0 0.0 
 Ti 0.05128205128207692 0.8573287891941966 0.3928571428571429 0.0 0.0 
 Ti 0.03846153846153846 1.1134227389447857 0.42857142857142866 0.0 0.0 
 Ti 0.0 0.8642991278909548 0.42857142857142866 0.0 0.0 
 Ti 0.012820512820538461 1.119464584044957 0.4642857142857143 0.0 0.0 
 Ti 0.05128205128207692 0.8689953263708146 0.4642857142857143 0.0 0.0 
 Ti 0.03846153846153846 1.1249590122724689 0.5 0.0 0.0 
 Ti 0.0 0.8749590122724688 0.5 0.0 0.0 
 Ti 0.012820512820538461 1.1304534404999809 0.5357142857142857 0.0 0.0 
 Ti 0.05128205128207692 0.8809226981741232 0.5357142857142857 0.0 0.0 
 Ti 0.03846153846153846 1.1364952856001522 0.5714285714285715 0.0 0.0 
 Ti 0.0 0.8856188966539829 0.5714285714285715 0.0 0.0 
 Ti 0.012820512820538461 1.1412374781584684 0.6071428571428572 0.0 0.0 
 Ti 0.05128205128207692 0.8925892353507411 0.6071428571428572 0.0 0.0 
 Ti 0.03846153846153846 1.14756579152296 0.6428571428571429 0.0 0.0 
 Ti 0.0 0.8959091526014867 0.6428571428571429 0.0 0.0 
 Ti 0.012820512820538461 1.1514502055989684 0.6785714285714286 0.0 0.0 
 Ti 0.05128205128207692 0.9035370970795588 0.6785714285714286 0.0 0.0 
 Ti 0.03846153846153846 1.1578085842069201 0.7142857142857143 0.0 0.0 
 Ti 0.0 0.9055317137491684 0.7142857142857143 0.0 0.0 
 Ti 0.012820512820538461 1.160833779167928 0.75 0.0 0.0 
 Ti 0.05128205128207692 0.9134646794153003 0.75 0.0 0.0 
 Ti 0.03846153846153846 1.167017542778698 0.7857142857142858 0.0 0.0 
 Ti 0.0 0.9143001873881739 0.7857142857142858 0.0 0.0 
 Ti 0.012820512820538461 1.1692588783329385 0.8214285714285715 0.0 0.0 
 Ti 0.05128205128207692 0.9222453308372096 0.8214285714285715 0.0 0.0 
 Ti 0.03846153846153846 1.1751331921790003 0.8571428571428573 0.0 0.0 
 Ti 0.0 0.9221400826859871 0.8571428571428573 0.0 0.0 
 Ti 0.012820512820538461 1.1767052235424622 0.8928571428571429 0.0 0.0 
 Ti 0.05128205128207692 0.9298893521033127 0.8928571428571429 0.0 0.0 
 Ti 0.03846153846153846 1.182199255381674 0.9285714285714286 0.0 0.0 
 Ti 0.0 0.9290628768999638 0.9285714285714286 0.0 0.0 
 Ti 0.012820512820538461 1.1832251336291049 0.9642857142857144 0.0 0.0 
 Ti 0.05128205128207692 0.936488399191142 0.9642857142857144 0.0 0.0 
 Ti 0.11538461538461539 0.5544065734872868 0.0 0.0 0.0 
 Ti 0.07692307692307691 0.30815017228405595 0.0 0.0 0.0 
 Ti 0.08974358974361538 0.5598672103302322 0.03571428571428572 0.0 0.0 
 Ti 0.12820512820515384 0.3059789412647334 0.03571428571428572 0.0 0.0 
 Ti 0.11538461538461539 0.6894351654191692 0.9285714285714286 0.0 0.0 
 Ti 0.07692307692307691 0.43564558388057095 0.9285714285714286 0.0 0.0 
 Ti 0.08974358974361538 0.6900508142147054 0.9642857142857144 0.0 0.0 
 Ti 0.12820512820515384 0.4439390832802043 0.9642857142857144 0.0 0.0 
 Ti 0.11538461538461539 1.054406573487287 0.0 0.0 0.0 
 Ti 0.07692307692307691 0.8081501722840558 0.0 0.0 0.0 
 Ti 0.08974358974361538 1.0598672103302322 0.03571428571428572 0.0 0.0 
 Ti 0.12820512820515384 0.8059789412647335 0.03571428571428572 0.0 0.0 
 Ti 0.11538461538461539 1.189435165419169 0.9285714285714286 0.0 0.0 
 Ti 0.07692307692307691 0.9356455838805708 0.9285714285714286 0.0 0.0 
 Ti 0.08974358974361538 1.1900508142147055 0.9642857142857144 0.0 0.0 
 Ti 0.12820512820515384 0.9439390832802044 0.9642857142857144 0.0 0.0 
 Ti 0.1923076923076923 0.5459703844720939 0.0 0.0 0.0 
 Ti 0.15384615384615383 0.30035216439205537 0.0 0.0 0.0 
 Ti 0.1666666666666923 0.5517392752241863 0.03571428571428572 0.0 0.0 
 Ti 0.20512820512823077 0.2971258702912311 0.03571428571428572 0.0 0.0 
 Ti 0.1923076923076923 0.6981787493207484 0.9285714285714286 0.0 0.0 
 Ti 0.15384615384615383 0.44360197715156735 0.9285714285714286 0.0 0.0 
 Ti 0.1666666666666923 0.6981787493207513 0.9642857142857144 0.0 0.0 
 Ti 0.20512820512823077 0.45279215425370667 0.9642857142857144 0.0 0.0 
 Ti 0.1923076923076923 1.0459703844720938 0.0 0.0 0.0 
 Ti 0.15384615384615383 0.8003521643920554 0.0 0.0 0.0 
 Ti 0.1666666666666923 1.0517392752241863 0.03571428571428572 0.0 0.0 
 Ti 0.20512820512823077 0.797125870291231 0.03571428571428572 0.0 0.0 
 Ti 0.1923076923076923 1.1981787493207485 0.9285714285714286 0.0 0.0 
 Ti 0.15384615384615383 0.9436019771515674 0.9285714285714286 0.0 0.0 
 Ti 0.1666666666666923 1.1981787493207514 0.9642857142857144 0.0 0.0 
 Ti 0.20512820512823077 0.9527921542537066 0.9642857142857144 0.0 0.0 
 Ti 0.2692307692307692 0.5361868860231247 0.0 0.0 0.0 
 Ti 0.23076923076923078 0.29124985072797627 0.0 0.0 0.0 
 Ti 0.24358974358976923 0.5421223567013369 0.03571428571428572 0.0 0.0 
 Ti 0.2820512820513077 0.2867218227739893 0.03571428571428572 0.0 0.0 
 Ti 0.2692307692307692 0.7086681738169616 0.9285714285714286 0.0 0.0 
 Ti 0.23076923076923078 0.45319404539241787 0.9285714285714286 0.0 0.0 
 Ti 0.24358974358976923 0.7077956678436009 0.9642857142857144 0.0 0.0 
 Ti 0.2820512820513077 0.46319620177094845 0.9642857142857144 0.0 0.0 
 Ti 0.2692307692307692 1.036186886023125 0.0 0.0 0.0 
 Ti 0.23076923076923078 0.7912498507279762 0.0 0.0 0.0 
 Ti 0.24358974358976923 1.042122356701337 0.03571428571428572 0.0 0.0 
 Ti 0.2820512820513077 0.7867218227739893 0.03571428571428572 0.0 0.0 
 Ti 0.2692307692307692 1.2086681738169613 0.9285714285714286 0.0 0.0 
 Ti 0.23076923076923078 0.9531940453924178 0.9285714285714286 0.0 0.0 
 Ti 0.24358974358976923 1.2077956678436008 0.9642857142857144 0.0 0.0 
 Ti 0.2820512820513077 0.9631962017709483 0.9642857142857144 0.0 0.0 
 Ti 0.34615384615384615 0.5250741462721958 0.0 0.0 0.0 
 Ti 0.30769230769230765 0.2807883106584044 0.0 0.0 0.0 
 Ti 0.32051282051284613 0.5309307942957406 0.03571428571428572 0.0 0.0 
 Ti 0.35897435897438457 0.27477318548388036 0.03571428571428572 0.0 0.0 
 Ti 0.34615384615384615 0.7210007842839304 0.9285714285714286 0.0 0.0 
 Ti 0.30769230769230765 0.4646079586410703 0.9285714285714286 0.0 0.0 
 Ti 0.32051282051284613 0.7189872302491971 0.9642857142857144 0.0 0.0 
 Ti 0.35897435897438457 0.4751448390610574 0.9642857142857144 0.0 0.0 
 Ti 0.34615384615384615 1.0250741462721957 0.0 0.0 0.0 
 Ti 0.30769230769230765 0.7807883106584044 0.0 0.0 0.0 
 Ti 0.32051282051284613 1.0309307942957406 0.03571428571428572 0.0 0.0 
 Ti 0.35897435897438457 0.7747731854838803 0.03571428571428572 0.0 0.0 
 Ti 0.34615384615384615 1.2210007842839306 0.9285714285714286 0.0 0.0 
 Ti 0.30769230769230765 0.9646079586410702 0.9285714285714286 0.0 0.0 
 Ti 0.32051282051284613 1.218987230249197 0.9642857142857144 0.0 0.0 
 Ti 0.35897435897438457 0.9751448390610573 0.9642857142857144 0.0 0.0 
 Ti 0.423076923076923 0.5128563299685869 0.0 0.0 0.0 
 Ti 0.3846153846153846 0.26907969402153 0.0 0.0 0.0 
 Ti 0.39743589743592306 0.518293362847839 0.03571428571428572 0.0 0.0 
 Ti 0.4358974358974615 0.261557237165651 0.03571428571428572 0.0 0.0 
 Ti 0.423076923076923 0.734965619794368 0.9285714285714286 0.0 0.0 
 Ti 0.3846153846153846 0.4778089050392576 0.9285714285714286 0.0 0.0 
 Ti 0.39743589743592306 0.7316246616970987 0.9642857142857144 0.0 0.0 
 Ti 0.4358974358974615 0.48836078737928673 0.9642857142857144 0.0 0.0 
 Ti 0.423076923076923 1.0128563299685867 0.0 0.0 0.0 
 Ti 0.3846153846153846 0.76907969402153 0.0 0.0 0.0 
 Ti 0.39743589743592306 1.018293362847839 0.03571428571428572 0.0 0.0 
 Ti 0.4358974358974615 0.761557237165651 0.03571428571428572 0.0 0.0 
 Ti 0.423076923076923 1.234965619794368 0.9285714285714286 0.0 0.0 
 Ti 0.3846153846153846 0.9778089050392575 0.9285714285714286 0.0 0.0 
 Ti 0.39743589743592306 1.2316246616970987 0.9642857142857144 0.0 0.0 
 Ti 0.4358974358974615 0.9883607873792868 0.9642857142857144 0.0 0.0 
 Ti 0.5 0.5 0.0 0.0 0.0 
 Ti 0.46153846153846156 0.2564704129338256 0.0 0.0 0.0 
 Ti 0.474358974359 0.5046503914085837 0.03571428571428572 0.0 0.0 
 Ti 0.5128205128205384 0.24767281612245495 0.03571428571428572 0.0 0.0 
 Ti 0.5 0.2500819754550623 0.9285714285714286 0.0 0.0 
 Ti 0.46153846153846156 0.4923752042122386 0.9285714285714286 0.0 0.0 
 Ti 0.474358974359 0.7452676331363539 0.9642857142857144 0.0 0.0 
 Ti 0.5128205128205384 0.0024091593326073333 0.9642857142857144 0.0 0.0 
 Ti 0.5 1.0 0.0 0.0 0.0 
 Ti 0.46153846153846156 0.7564704129338256 0.0 0.0 0.0 
 Ti 0.474358974359 1.0046503914085838 0.03571428571428572 0.0 0.0 
 Ti 0.5128205128205384 0.747672816122455 0.03571428571428572 0.0 0.0 
 Ti 0.5 0.7500819754550623 0.9285714285714286 0.0 0.0 
 Ti 0.46153846153846156 0.9923752042122387 0.9285714285714286 0.0 0.0 
 Ti 0.474358974359 1.245267633136354 0.9642857142857144 0.0 0.0 
 Ti 0.5128205128205384 0.5024091593326073 0.9642857142857144 0.0 0.0 
 Ti 0.5769230769230769 0.4871436700314132 0.0 0.0 0.0 
 Ti 0.5384615384615384 0.24352958706617442 0.0 0.0 0.0 
 Ti 0.5512820512820769 0.4907307852972647 0.03571428571428572 0.0 0.0 
 Ti 0.5897435897436153 0.23392739194947434 0.03571428571428572 0.0 0.0 
 Ti 0.5769230769230769 0.26503438020563197 0.9285714285714286 0.0 0.0 
 Ti 0.5384615384615384 0.007624795787761293 0.9285714285714286 0.0 0.0 
 Ti 0.5512820512820769 0.25935119015779756 0.9642857142857144 0.0 0.0 
 Ti 0.5897435897436153 0.016154583505587926 0.9642857142857144 0.0 0.0 
 Ti 0.5769230769230769 0.9871436700314132 0.0 0.0 0.0 
 Ti 0.5384615384615384 0.7435295870661743 0.0 0.0 0.0 
 Ti 0.5512820512820769 0.9907307852972648 0.03571428571428572 0.0 0.0 
 Ti 0.5897435897436153 0.7339273919494743 0.03571428571428572 0.0 0.0 
 Ti 0.5769230769230769 0.765034380205632 0.9285714285714286 0.0 0.0 
 Ti 0.5384615384615384 0.5076247957877612 0.9285714285714286 0.0 0.0 
 Ti 0.5512820512820769 0.7593511901577976 0.9642857142857144 0.0 0.0 
 Ti 0.5897435897436153 0.5161545835055878 0.9642857142857144 0.0 0.0 
 Ti 0.6538461538461539 0.4749258537278042 0.0 0.0 0.0 
 Ti 0.6153846153846153 0.23092030597847 0.0 0.0 0.0 
 Ti 0.6282051282051538 0.4773537691197362 0.03571428571428572 0.0 0.0 
 Ti 0.6666666666666923 0.2210827597389887 0.03571428571428572 0.0 0.0 
 Ti 0.6538461538461539 0.2789992157160695 0.9285714285714286 0.0 0.0 
 Ti 0.6153846153846153 0.022191094960742338 0.9285714285714286 0.0 0.0 
 Ti 0.6282051282051538 0.27272820633532613 0.9642857142857144 0.0 0.0 
 Ti 0.6666666666666923 0.028999215716073574 0.9642857142857144 0.0 0.0 
 Ti 0.6538461538461539 0.9749258537278042 0.0 0.0 0.0 
 Ti 0.6153846153846153 0.7309203059784699 0.0 0.0 0.0 
 Ti 0.6282051282051538 0.9773537691197361 0.03571428571428572 0.0 0.0 
 Ti 0.6666666666666923 0.7210827597389887 0.03571428571428572 0.0 0.0 
 Ti 0.6538461538461539 0.7789992157160694 0.9285714285714286 0.0 0.0 
 Ti 0.6153846153846153 0.5221910949607422 0.9285714285714286 0.0 0.0 
 Ti 0.6282051282051538 0.7727282063353262 0.9642857142857144 0.0 0.0 
 Ti 0.6666666666666923 0.5289992157160736 0.9642857142857144 0.0 0.0 
 Ti 0.7307692307692307 0.46381311397687525 0.0 0.0 0.0 
 Ti 0.6923076923076923 0.21921168934159563 0.0 0.0 0.0 
 Ti 0.7051282051282308 0.4651659196343126 0.03571428571428572 0.0 0.0 
 Ti 0.7435897435897693 0.20963371417350976 0.03571428571428572 0.0 0.0 
 Ti 0.7307692307692307 0.29133182618303854 0.9285714285714286 0.0 0.0 
 Ti 0.6923076923076923 0.03539204135892976 0.9285714285714286 0.0 0.0 
 Ti 0.7051282051282308 0.2849160558207497 0.9642857142857144 0.0 0.0 
 Ti 0.7435897435897693 0.040448261281552565 0.9642857142857144 0.0 0.0 
 Ti 0.7307692307692307 0.9638131139768753 0.0 0.0 0.0 
 Ti 0.6923076923076923 0.7192116893415955 0.0 0.0 0.0 
 Ti 0.7051282051282308 0.9651659196343126 0.03571428571428572 0.0 0.0 
 Ti 0.7435897435897693 0.7096337141735097 0.03571428571428572 0.0 0.0 
 Ti 0.7307692307692307 0.7913318261830385 0.9285714285714286 0.0 0.0 
 Ti 0.6923076923076923 0.5353920413589297 0.9285714285714286 0.0 0.0 
 Ti 0.7051282051282308 0.7849160558207497 0.9642857142857144 0.0 0.0 
 Ti 0.7435897435897693 0.5404482612815524 0.9642857142857144 0.0 0.0 
 Ti 0.8076923076923076 0.4540296155279061 0.0 0.0 0.0 
 Ti 0.7692307692307692 0.20875014927202368 0.0 0.0 0.0 
 Ti 0.7820512820513077 0.454498049388835 0.03571428571428572 0.0 0.0 
 Ti 0.8205128205128461 0.1997560379749945 0.03571428571428572 0.0 0.0 
 Ti 0.8076923076923076 0.30182125067925153 0.9285714285714286 0.0 0.0 
 Ti 0.7692307692307692 0.04680595460758223 0.9285714285714286 0.0 0.0 
 Ti 0.7820512820513077 0.29558392606622735 0.9642857142857144 0.0 0.0 
 Ti 0.8205128205128461 0.050325937480067806 0.9642857142857144 0.0 0.0 
 Ti 0.8076923076923076 0.9540296155279062 0.0 0.0 0.0 
 Ti 0.7692307692307692 0.7087501492720237 0.0 0.0 0.0 
 Ti 0.7820512820513077 0.9544980493888349 0.03571428571428572 0.0 0.0 
 Ti 0.8205128205128461 0.6997560379749945 0.03571428571428572 0.0 0.0 
 Ti 0.8076923076923076 0.8018212506792515 0.9285714285714286 0.0 0.0 
 Ti 0.7692307692307692 0.5468059546075822 0.9285714285714286 0.0 0.0 
 Ti 0.7820512820513077 0.7955839260662274 0.9642857142857144 0.0 0.0 
 Ti 0.8205128205128461 0.5503259374800678 0.9642857142857144 0.0 0.0 
 Ti 0.8846153846153846 0.44559342651271316 0.0 0.0 0.0 
 Ti 0.846153846153846 0.19964783560794463 0.0 0.0 0.0 
 Ti 0.8589743589743846 0.4453940440906784 0.03571428571428572 0.0 0.0 
 Ti 0.897435897435923 0.19139137146848936 0.03571428571428572 0.0 0.0 
 Ti 0.8846153846153846 0.3105648345808308 0.9285714285714286 0.0 0.0 
 Ti 0.846153846153846 0.056398022848432636 0.9285714285714286 0.0 0.0 
 Ti 0.8589743589743846 0.3046879313643839 0.9642857142857144 0.0 0.0 
 Ti 0.897435897435923 0.05869060398657292 0.9642857142857144 0.0 0.0 
 Ti 0.8846153846153846 0.9455934265127133 0.0 0.0 0.0 
 Ti 0.846153846153846 0.6996478356079445 0.0 0.0 0.0 
 Ti 0.8589743589743846 0.9453940440906784 0.03571428571428572 0.0 0.0 
 Ti 0.897435897435923 0.6913913714684893 0.03571428571428572 0.0 0.0 
 Ti 0.8846153846153846 0.8105648345808308 0.9285714285714286 0.0 0.0 
 Ti 0.846153846153846 0.5563980228484326 0.9285714285714286 0.0 0.0 
 Ti 0.8589743589743846 0.8046879313643839 0.9642857142857144 0.0 0.0 
 Ti 0.897435897435923 0.5586906039865729 0.9642857142857144 0.0 0.0 
 Ti 0.9615384615384616 0.4383973928478526 0.0 0.0 0.0 
 Ti 0.9230769230769231 0.19184982771594403 0.0 0.0 0.0 
 Ti 0.9358974358974615 0.4377232826515393 0.03571428571428572 0.0 0.0 
 Ti 0.974358974359 0.18436327572753544 0.03571428571428572 0.0 0.0 
 Ti 0.9615384615384616 0.4322812308367362 0.07142857142857144 0.0 0.0 
 Ti 0.9230769230769231 0.1857275593356332 0.07142857142857144 0.0 0.0 
 Ti 0.9358974358974615 0.43110657043341216 0.10714285714285716 0.0 0.0 
 Ti 0.974358974359 0.17781308982776972 0.10714285714285716 0.0 0.0 
 Ti 0.9615384615384616 0.4252151676340626 0.14285714285714288 0.0 0.0 
 Ti 0.9230769230769231 0.17855196041280721 0.14285714285714288 0.0 0.0 
 Ti 0.9358974358974615 0.4234028809527695 0.17857142857142858 0.0 0.0 
 Ti 0.974358974359 0.17029825382222727 0.17857142857142858 0.0 0.0 
 Ti 0.9615384615384616 0.4170995182337603 0.21428571428571433 0.0 0.0 
 Ti 0.9230769230769231 0.17017656902769782 0.21428571428571433 0.0 0.0 
 Ti 0.9358974358974615 0.41450424299021404 0.25 0.0 0.0 
 Ti 0.974358974359 0.16175479303785406 0.25 0.0 0.0 
 Ti 0.9615384615384616 0.4078905596619823 0.28571428571428575 0.0 0.0 
 Ti 0.9230769230769231 0.16050949681003587 0.28571428571428575 0.0 0.0 
 Ti 0.9358974358974615 0.4043863193220971 0.32142857142857145 0.0 0.0 
 Ti 0.974358974359 0.1521944611610006 0.32142857142857145 0.0 0.0 
 Ti 0.9615384615384616 0.3976477669780224 0.35714285714285715 0.0 0.0 
 Ti 0.9230769230769231 0.1495798662776927 0.35714285714285715 0.0 0.0 
 Ti 0.9358974358974615 0.3931722153509078 0.3928571428571429 0.0 0.0 
 Ti 0.974358974359 0.14174675210253995 0.3928571428571429 0.0 0.0 
 Ti 0.9615384615384616 0.38657726105521445 0.42857142857142866 0.0 0.0 
 Ti 0.9230769230769231 0.13760935412474187 0.42857142857142866 0.0 0.0 
 Ti 0.9358974358974615 0.38117939061604944 0.4642857142857143 0.0 0.0 
 Ti 0.974358974359 0.1306834229850774 0.4642857142857143 0.0 0.0 
 Ti 0.9615384615384616 0.37504098772753114 0.5 0.0 0.0 
 Ti 0.9230769230769231 0.12504098772753114 0.5 0.0 0.0 
 Ti 0.9358974358974615 0.3689025848390129 0.5357142857142857 0.0 0.0 
 Ti 0.974358974359 0.1193985524699849 0.5357142857142857 0.0 0.0 
 Ti 0.9615384615384616 0.3635047143998478 0.5714285714285715 0.0 0.0 
 Ti 0.9230769230769231 0.11247262133032038 0.5714285714285715 0.0 0.0 
 Ti 0.9358974358974615 0.3569097601041544 0.6071428571428572 0.0 0.0 
 Ti 0.974358974359 0.1083352233525223 0.6071428571428572 0.0 0.0 
 Ti 0.9615384615384616 0.35243420847703993 0.6428571428571429 0.0 0.0 
 Ti 0.9230769230769231 0.10050210917736957 0.6428571428571429 0.0 0.0 
 Ti 0.9358974358974615 0.3456956561329651 0.6785714285714286 0.0 0.0 
 Ti 0.974358974359 0.09788751429406167 0.6785714285714286 0.0 0.0 
 Ti 0.9615384615384616 0.34219141579307993 0.7142857142857143 0.0 0.0 
 Ti 0.9230769230769231 0.08957247864502642 0.7142857142857143 0.0 0.0 
 Ti 0.9358974358974615 0.3355777324648482 0.75 0.0 0.0 
 Ti 0.974358974359 0.08832718241720826 0.75 0.0 0.0 
 Ti 0.9615384615384616 0.33298245722130193 0.7857142857142858 0.0 0.0 
 Ti 0.9230769230769231 0.07990540642736448 0.7857142857142858 0.0 0.0 
 Ti 0.9358974358974615 0.32667909450229277 0.8214285714285715 0.0 0.0 
 Ti 0.974358974359 0.07978372163283502 0.8214285714285715 0.0 0.0 
 Ti 0.9615384615384616 0.3248668078209997 0.8571428571428573 0.0 0.0 
 Ti 0.9230769230769231 0.07153001504225506 0.8571428571428573 0.0 0.0 
 Ti 0.9358974358974615 0.31897540502165 0.8928571428571429 0.0 0.0 
 Ti 0.974358974359 0.07226888562729251 0.8928571428571429 0.0 0.0 
 Ti 0.9615384615384616 0.3178007446183261 0.9285714285714286 0.0 0.0 
 Ti 0.9230769230769231 0.06435441611942909 0.9285714285714286 0.0 0.0 
 Ti 0.9358974358974615 0.3123586928035229 0.9642857142857144 0.0 0.0 
 Ti 0.974358974359 0.06571869972752681 0.9642857142857144 0.0 0.0 
 Ti 0.9615384615384616 0.9383973928478527 0.0 0.0 0.0 
 Ti 0.9230769230769231 0.691849827715944 0.0 0.0 0.0 
 Ti 0.9358974358974615 0.9377232826515394 0.03571428571428572 0.0 0.0 
 Ti 0.974358974359 0.6843632757275354 0.03571428571428572 0.0 0.0 
 Ti 0.9615384615384616 0.9322812308367363 0.07142857142857144 0.0 0.0 
 Ti 0.9230769230769231 0.6857275593356332 0.07142857142857144 0.0 0.0 
 Ti 0.9358974358974615 0.9311065704334122 0.10714285714285716 0.0 0.0 
 Ti 0.974358974359 0.6778130898277698 0.10714285714285716 0.0 0.0 
 Ti 0.9615384615384616 0.9252151676340626 0.14285714285714288 0.0 0.0 
 Ti 0.9230769230769231 0.6785519604128072 0.14285714285714288 0.0 0.0 
 Ti 0.9358974358974615 0.9234028809527695 0.17857142857142858 0.0 0.0 
 Ti 0.974358974359 0.6702982538222273 0.17857142857142858 0.0 0.0 
 Ti 0.9615384615384616 0.9170995182337603 0.21428571428571433 0.0 0.0 
 Ti 0.9230769230769231 0.6701765690276978 0.21428571428571433 0.0 0.0 
 Ti 0.9358974358974615 0.914504242990214 0.25 0.0 0.0 
 Ti 0.974358974359 0.661754793037854 0.25 0.0 0.0 
 Ti 0.9615384615384616 0.9078905596619824 0.28571428571428575 0.0 0.0 
 Ti 0.9230769230769231 0.6605094968100358 0.28571428571428575 0.0 0.0 
 Ti 0.9358974358974615 0.9043863193220971 0.32142857142857145 0.0 0.0 
 Ti 0.974358974359 0.6521944611610005 0.32142857142857145 0.0 0.0 
 Ti 0.9615384615384616 0.8976477669780224 0.35714285714285715 0.0 0.0 
 Ti 0.9230769230769231 0.6495798662776927 0.35714285714285715 0.0 0.0 
 Ti 0.9358974358974615 0.8931722153509078 0.3928571428571429 0.0 0.0 
 Ti 0.974358974359 0.64174675210254 0.3928571428571429 0.0 0.0 
 Ti 0.9615384615384616 0.8865772610552145 0.42857142857142866 0.0 0.0 
 Ti 0.9230769230769231 0.6376093541247418 0.42857142857142866 0.0 0.0 
 Ti 0.9358974358974615 0.8811793906160496 0.4642857142857143 0.0 0.0 
 Ti 0.974358974359 0.6306834229850774 0.4642857142857143 0.0 0.0 
 Ti 0.9615384615384616 0.8750409877275311 0.5 0.0 0.0 
 Ti 0.9230769230769231 0.6250409877275311 0.5 0.0 0.0 
 Ti 0.9358974358974615 0.8689025848390128 0.5357142857142857 0.0 0.0 
 Ti 0.974358974359 0.6193985524699849 0.5357142857142857 0.0 0.0 
 Ti 0.9615384615384616 0.8635047143998478 0.5714285714285715 0.0 0.0 
 Ti 0.9230769230769231 0.6124726213303203 0.5714285714285715 0.0 0.0 
 Ti 0.9358974358974615 0.8569097601041545 0.6071428571428572 0.0 0.0 
 Ti 0.974358974359 0.6083352233525223 0.6071428571428572 0.0 0.0 
 Ti 0.9615384615384616 0.85243420847704 0.6428571428571429 0.0 0.0 
 Ti 0.9230769230769231 0.6005021091773696 0.6428571428571429 0.0 0.0 
 Ti 0.9358974358974615 0.8456956561329652 0.6785714285714286 0.0 0.0 
 Ti 0.974358974359 0.5978875142940616 0.6785714285714286 0.0 0.0 
 Ti 0.9615384615384616 0.84219141579308 0.7142857142857143 0.0 0.0 
 Ti 0.9230769230769231 0.5895724786450264 0.7142857142857143 0.0 0.0 
 Ti 0.9358974358974615 0.8355777324648482 0.75 0.0 0.0 
 Ti 0.974358974359 0.5883271824172083 0.75 0.0 0.0 
 Ti 0.9615384615384616 0.8329824572213019 0.7857142857142858 0.0 0.0 
 Ti 0.9230769230769231 0.5799054064273644 0.7857142857142858 0.0 0.0 
 Ti 0.9358974358974615 0.8266790945022927 0.8214285714285715 0.0 0.0 
 Ti 0.974358974359 0.579783721632835 0.8214285714285715 0.0 0.0 
 Ti 0.9615384615384616 0.8248668078209997 0.8571428571428573 0.0 0.0 
 Ti 0.9230769230769231 0.571530015042255 0.8571428571428573 0.0 0.0 
 Ti 0.9358974358974615 0.81897540502165 0.8928571428571429 0.0 0.0 
 Ti 0.974358974359 0.5722688856272925 0.8928571428571429 0.0 0.0 
 Ti 0.9615384615384616 0.8178007446183261 0.9285714285714286 0.0 0.0 
 Ti 0.9230769230769231 0.564354416119429 0.9285714285714286 0.0 0.0 
 Ti 0.9358974358974615 0.8123586928035229 0.9642857142857144 0.0 0.0 
 Ti 0.974358974359 0.5657186997275269 0.9642857142857144 0.0 0.0 

 nullheight       0.000000000000

 kspace_conf
   0 t         ! symmode symetry_enabled
   12 10 12    ! vnkpts
    t t t       ! offcentre

dislocation_conf
   0    ! gfbcon
   0.0  ! radiusi
   -100.0    100.0    -100.0  100.0
    0    ! gfbcon
   0.0  ! radiusi
   -100.0    100.0    -100.0  100.0
    0    ! gfbcon
   0.0  ! radiusi
   -100.0    100.0    -100.0  100.0
   0    ! gfbcon
   0.0  ! radiusi
   -100.0    100.0    -100.0  100.0
