 Ti 0.03846153846153846 0.5616026071521474 0.0 0.0 0.0 
 Ti 0.0 0.3147849979358496 0.0 0.0 0.0 
 Ti 0.012820512820538461 0.5666928909158327 0.03571428571428572 0.0 0.0 
 Ti 0.05128205128207692 0.3134296253537958 0.03571428571428572 0.0 0.0 
 Ti 0.03846153846153846 0.5677187691632638 0.07142857142857144 0.0 0.0 
 Ti 0.0 0.3208551476449739 0.07142857142857144 0.0 0.0 
 Ti 0.012820512820538461 0.5732128010024755 0.10714285714285716 0.0 0.0 
 Ti 0.05128205128207692 0.32002867244162503 0.10714285714285716 0.0 0.0 
 Ti 0.03846153846153846 0.5747848323659375 0.14285714285714288 0.0 0.0 
 Ti 0.0 0.32777794185895054 0.14285714285714288 0.0 0.0 
 Ti 0.012820512820538461 0.5806591462119992 0.17857142857142858 0.0 0.0 
 Ti 0.05128205128207692 0.32767269370772806 0.17857142857142858 0.0 0.0 
 Ti 0.03846153846153846 0.5829004817662398 0.21428571428571433 0.0 0.0 
 Ti 0.0 0.33561783715676385 0.21428571428571433 0.0 0.0 
 Ti 0.012820512820538461 0.5890842453770097 0.25 0.0 0.0 
 Ti 0.05128205128207692 0.3364533451296374 0.25 0.0 0.0 
 Ti 0.03846153846153846 0.5921094403380177 0.28571428571428575 0.0 0.0 
 Ti 0.0 0.34438631079576937 0.28571428571428575 0.0 0.0 
 Ti 0.012820512820538461 0.5984678189459692 0.32142857142857145 0.0 0.0 
 Ti 0.05128205128207692 0.34638092746537896 0.32142857142857145 0.0 0.0 
 Ti 0.03846153846153846 0.6023522330219777 0.35714285714285715 0.0 0.0 
 Ti 0.0 0.354008871943451 0.35714285714285715 0.0 0.0 
 Ti 0.012820512820538461 0.6086805463864694 0.3928571428571429 0.0 0.0 
 Ti 0.05128205128207692 0.35732878919419675 0.3928571428571429 0.0 0.0 
 Ti 0.03846153846153846 0.6134227389447855 0.42857142857142866 0.0 0.0 
 Ti 0.0 0.3642991278909548 0.42857142857142866 0.0 0.0 
 Ti 0.012820512820538461 0.619464584044957 0.4642857142857143 0.0 0.0 
 Ti 0.05128205128207692 0.36899532637081467 0.4642857142857143 0.0 0.0 
 Ti 0.03846153846153846 0.624959012272469 0.5 0.0 0.0 
 Ti 0.0 0.37495901227246886 0.5 0.0 0.0 
 Ti 0.012820512820538461 0.6304534404999808 0.5357142857142857 0.0 0.0 
 Ti 0.05128205128207692 0.38092269817412316 0.5357142857142857 0.0 0.0 
 Ti 0.03846153846153846 0.6364952856001521 0.5714285714285715 0.0 0.0 
 Ti 0.0 0.3856188966539829 0.5714285714285715 0.0 0.0 
 Ti 0.012820512820538461 0.6412374781584682 0.6071428571428572 0.0 0.0 
 Ti 0.05128205128207692 0.392589235350741 0.6071428571428572 0.0 0.0 
 Ti 0.03846153846153846 0.6475657915229601 0.6428571428571429 0.0 0.0 
 Ti 0.0 0.3959091526014868 0.6428571428571429 0.0 0.0 
 Ti 0.012820512820538461 0.6514502055989686 0.6785714285714286 0.0 0.0 
 Ti 0.05128205128207692 0.4035370970795588 0.6785714285714286 0.0 0.0 
 Ti 0.03846153846153846 0.65780858420692 0.7142857142857143 0.0 0.0 
 Ti 0.0 0.40553171374916847 0.7142857142857143 0.0 0.0 
 Ti 0.012820512820538461 0.660833779167928 0.75 0.0 0.0 
 Ti 0.05128205128207692 0.4134646794153003 0.75 0.0 0.0 
 Ti 0.03846153846153846 0.6670175427786981 0.7857142857142858 0.0 0.0 
 Ti 0.0 0.4143001873881739 0.7857142857142858 0.0 0.0 
 Ti 0.012820512820538461 0.6692588783329385 0.8214285714285715 0.0 0.0 
 Ti 0.05128205128207692 0.42224533083720966 0.8214285714285715 0.0 0.0 
 Ti 0.03846153846153846 0.6751331921790004 0.8571428571428573 0.0 0.0 
 Ti 0.0 0.4221400826859872 0.8571428571428573 0.0 0.0 
 Ti 0.012820512820538461 0.6767052235424622 0.8928571428571429 0.0 0.0 
 Ti 0.05128205128207692 0.4298893521033127 0.8928571428571429 0.0 0.0 
 Ti 0.03846153846153846 0.6821992553816739 0.9285714285714286 0.0 0.0 
 Ti 0.0 0.4290628768999639 0.9285714285714286 0.0 0.0 
 Ti 0.012820512820538461 0.6832251336291051 0.9642857142857144 0.0 0.0 
 Ti 0.05128205128207692 0.4364883991911419 0.9642857142857144 0.0 0.0 
 Ti 0.03846153846153846 1.0616026071521474 0.0 0.0 0.0 
 Ti 0.0 0.8147849979358495 0.0 0.0 0.0 
 Ti 0.012820512820538461 1.0666928909158326 0.03571428571428572 0.0 0.0 
 Ti 0.05128205128207692 0.8134296253537958 0.03571428571428572 0.0 0.0 
 Ti 0.03846153846153846 1.0677187691632637 0.07142857142857144 0.0 0.0 
 Ti 0.0 0.8208551476449738 0.07142857142857144 0.0 0.0 
 Ti 0.012820512820538461 1.0732128010024755 0.10714285714285716 0.0 0.0 
 Ti 0.05128205128207692 0.820028672441625 0.10714285714285716 0.0 0.0 
 Ti 0.03846153846153846 1.0747848323659375 0.14285714285714288 0.0 0.0 
 Ti 0.0 0.8277779418589505 0.14285714285714288 0.0 0.0 
 Ti 0.012820512820538461 1.0806591462119992 0.17857142857142858 0.0 0.0 
 Ti 0.05128205128207692 0.827672693707728 0.17857142857142858 0.0 0.0 
 Ti 0.03846153846153846 1.0829004817662398 0.21428571428571433 0.0 0.0 
 Ti 0.0 0.8356178371567639 0.21428571428571433 0.0 0.0 
 Ti 0.012820512820538461 1.0890842453770098 0.25 0.0 0.0 
 Ti 0.05128205128207692 0.8364533451296374 0.25 0.0 0.0 
 Ti 0.03846153846153846 1.0921094403380176 0.28571428571428575 0.0 0.0 
 Ti 0.0 0.8443863107957693 0.28571428571428575 0.0 0.0 
 Ti 0.012820512820538461 1.0984678189459691 0.32142857142857145 0.0 0.0 
 Ti 0.05128205128207692 0.8463809274653789 0.32142857142857145 0.0 0.0 
 Ti 0.03846153846153846 1.1023522330219777 0.35714285714285715 0.0 0.0 
 Ti 0.0 0.8540088719434509 0.35714285714285715 0.0 0.0 
 Ti 0.012820512820538461 1.1086805463864695 0.3928571428571429 0.0 0.0 
 Ti 0.05128205128207692 0.8573287891941966 0.3928571428571429 0.0 0.0 
 Ti 0.03846153846153846 1.1134227389447857 0.42857142857142866 0.0 0.0 
 Ti 0.0 0.8642991278909548 0.42857142857142866 0.0 0.0 
 Ti 0.012820512820538461 1.119464584044957 0.4642857142857143 0.0 0.0 
 Ti 0.05128205128207692 0.8689953263708146 0.4642857142857143 0.0 0.0 
 Ti 0.03846153846153846 1.1249590122724689 0.5 0.0 0.0 
 Ti 0.0 0.8749590122724688 0.5 0.0 0.0 
 Ti 0.012820512820538461 1.1304534404999809 0.5357142857142857 0.0 0.0 
 Ti 0.05128205128207692 0.8809226981741232 0.5357142857142857 0.0 0.0 
 Ti 0.03846153846153846 1.1364952856001522 0.5714285714285715 0.0 0.0 
 Ti 0.0 0.8856188966539829 0.5714285714285715 0.0 0.0 
 Ti 0.012820512820538461 1.1412374781584684 0.6071428571428572 0.0 0.0 
 Ti 0.05128205128207692 0.8925892353507411 0.6071428571428572 0.0 0.0 
 Ti 0.03846153846153846 1.14756579152296 0.6428571428571429 0.0 0.0 
 Ti 0.0 0.8959091526014867 0.6428571428571429 0.0 0.0 
 Ti 0.012820512820538461 1.1514502055989684 0.6785714285714286 0.0 0.0 
 Ti 0.05128205128207692 0.9035370970795588 0.6785714285714286 0.0 0.0 
 Ti 0.03846153846153846 1.1578085842069201 0.7142857142857143 0.0 0.0 
 Ti 0.0 0.9055317137491684 0.7142857142857143 0.0 0.0 
 Ti 0.012820512820538461 1.160833779167928 0.75 0.0 0.0 
 Ti 0.05128205128207692 0.9134646794153003 0.75 0.0 0.0 
 Ti 0.03846153846153846 1.167017542778698 0.7857142857142858 0.0 0.0 
 Ti 0.0 0.9143001873881739 0.7857142857142858 0.0 0.0 
 Ti 0.012820512820538461 1.1692588783329385 0.8214285714285715 0.0 0.0 
 Ti 0.05128205128207692 0.9222453308372096 0.8214285714285715 0.0 0.0 
 Ti 0.03846153846153846 1.1751331921790003 0.8571428571428573 0.0 0.0 
 Ti 0.0 0.9221400826859871 0.8571428571428573 0.0 0.0 
 Ti 0.012820512820538461 1.1767052235424622 0.8928571428571429 0.0 0.0 
 Ti 0.05128205128207692 0.9298893521033127 0.8928571428571429 0.0 0.0 
 Ti 0.03846153846153846 1.182199255381674 0.9285714285714286 0.0 0.0 
 Ti 0.0 0.9290628768999638 0.9285714285714286 0.0 0.0 
 Ti 0.012820512820538461 1.1832251336291049 0.9642857142857144 0.0 0.0 
 Ti 0.05128205128207692 0.936488399191142 0.9642857142857144 0.0 0.0 
 Ti 0.11538461538461539 0.5544065734872868 0.0 0.0 0.0 
 Ti 0.07692307692307691 0.30815017228405595 0.0 0.0 0.0 
 Ti 0.08974358974361538 0.5598672103302322 0.03571428571428572 0.0 0.0 
 Ti 0.12820512820515384 0.3059789412647334 0.03571428571428572 0.0 0.0 
 Ti 0.11538461538461539 0.6894351654191692 0.9285714285714286 0.0 0.0 
 Ti 0.07692307692307691 0.43564558388057095 0.9285714285714286 0.0 0.0 
 Ti 0.08974358974361538 0.6900508142147054 0.9642857142857144 0.0 0.0 
 Ti 0.12820512820515384 0.4439390832802043 0.9642857142857144 0.0 0.0 
 Ti 0.11538461538461539 1.054406573487287 0.0 0.0 0.0 
 Ti 0.07692307692307691 0.8081501722840558 0.0 0.0 0.0 
 Ti 0.08974358974361538 1.0598672103302322 0.03571428571428572 0.0 0.0 
 Ti 0.12820512820515384 0.8059789412647335 0.03571428571428572 0.0 0.0 
 Ti 0.11538461538461539 1.189435165419169 0.9285714285714286 0.0 0.0 
 Ti 0.07692307692307691 0.9356455838805708 0.9285714285714286 0.0 0.0 
 Ti 0.08974358974361538 1.1900508142147055 0.9642857142857144 0.0 0.0 
 Ti 0.12820512820515384 0.9439390832802044 0.9642857142857144 0.0 0.0 
 Ti 0.1923076923076923 0.5459703844720939 0.0 0.0 0.0 
 Ti 0.15384615384615383 0.30035216439205537 0.0 0.0 0.0 
 Ti 0.1666666666666923 0.5517392752241863 0.03571428571428572 0.0 0.0 
 Ti 0.20512820512823077 0.2971258702912311 0.03571428571428572 0.0 0.0 
 Ti 0.1923076923076923 0.6981787493207484 0.9285714285714286 0.0 0.0 
 Ti 0.15384615384615383 0.44360197715156735 0.9285714285714286 0.0 0.0 
 Ti 0.1666666666666923 0.6981787493207513 0.9642857142857144 0.0 0.0 
 Ti 0.20512820512823077 0.45279215425370667 0.9642857142857144 0.0 0.0 
 Ti 0.1923076923076923 1.0459703844720938 0.0 0.0 0.0 
 Ti 0.15384615384615383 0.8003521643920554 0.0 0.0 0.0 
 Ti 0.1666666666666923 1.0517392752241863 0.03571428571428572 0.0 0.0 
 Ti 0.20512820512823077 0.797125870291231 0.03571428571428572 0.0 0.0 
 Ti 0.1923076923076923 1.1981787493207485 0.9285714285714286 0.0 0.0 
 Ti 0.15384615384615383 0.9436019771515674 0.9285714285714286 0.0 0.0 
 Ti 0.1666666666666923 1.1981787493207514 0.9642857142857144 0.0 0.0 
 Ti 0.20512820512823077 0.9527921542537066 0.9642857142857144 0.0 0.0 
 Ti 0.2692307692307692 0.5361868860231247 0.0 0.0 0.0 
 Ti 0.23076923076923078 0.29124985072797627 0.0 0.0 0.0 
 Ti 0.24358974358976923 0.5421223567013369 0.03571428571428572 0.0 0.0 
 Ti 0.2820512820513077 0.2867218227739893 0.03571428571428572 0.0 0.0 
 Ti 0.2692307692307692 0.7086681738169616 0.9285714285714286 0.0 0.0 
 Ti 0.23076923076923078 0.45319404539241787 0.9285714285714286 0.0 0.0 
 Ti 0.24358974358976923 0.7077956678436009 0.9642857142857144 0.0 0.0 
 Ti 0.2820512820513077 0.46319620177094845 0.9642857142857144 0.0 0.0 
 Ti 0.2692307692307692 1.036186886023125 0.0 0.0 0.0 
 Ti 0.23076923076923078 0.7912498507279762 0.0 0.0 0.0 
 Ti 0.24358974358976923 1.042122356701337 0.03571428571428572 0.0 0.0 
 Ti 0.2820512820513077 0.7867218227739893 0.03571428571428572 0.0 0.0 
 Ti 0.2692307692307692 1.2086681738169613 0.9285714285714286 0.0 0.0 
 Ti 0.23076923076923078 0.9531940453924178 0.9285714285714286 0.0 0.0 
 Ti 0.24358974358976923 1.2077956678436008 0.9642857142857144 0.0 0.0 
 Ti 0.2820512820513077 0.9631962017709483 0.9642857142857144 0.0 0.0 
 Ti 0.34615384615384615 0.5250741462721958 0.0 0.0 0.0 
 Ti 0.30769230769230765 0.2807883106584044 0.0 0.0 0.0 
 Ti 0.32051282051284613 0.5309307942957406 0.03571428571428572 0.0 0.0 
 Ti 0.35897435897438457 0.27477318548388036 0.03571428571428572 0.0 0.0 
 Ti 0.34615384615384615 0.7210007842839304 0.9285714285714286 0.0 0.0 
 Ti 0.30769230769230765 0.4646079586410703 0.9285714285714286 0.0 0.0 
 Ti 0.32051282051284613 0.7189872302491971 0.9642857142857144 0.0 0.0 
 Ti 0.35897435897438457 0.4751448390610574 0.9642857142857144 0.0 0.0 
 Ti 0.34615384615384615 1.0250741462721957 0.0 0.0 0.0 
 Ti 0.30769230769230765 0.7807883106584044 0.0 0.0 0.0 
 Ti 0.32051282051284613 1.0309307942957406 0.03571428571428572 0.0 0.0 
 Ti 0.35897435897438457 0.7747731854838803 0.03571428571428572 0.0 0.0 
 Ti 0.34615384615384615 1.2210007842839306 0.9285714285714286 0.0 0.0 
 Ti 0.30769230769230765 0.9646079586410702 0.9285714285714286 0.0 0.0 
 Ti 0.32051282051284613 1.218987230249197 0.9642857142857144 0.0 0.0 
 Ti 0.35897435897438457 0.9751448390610573 0.9642857142857144 0.0 0.0 
 Ti 0.423076923076923 0.5128563299685869 0.0 0.0 0.0 
 Ti 0.3846153846153846 0.26907969402153 0.0 0.0 0.0 
 Ti 0.39743589743592306 0.518293362847839 0.03571428571428572 0.0 0.0 
 Ti 0.4358974358974615 0.261557237165651 0.03571428571428572 0.0 0.0 
 Ti 0.423076923076923 0.734965619794368 0.9285714285714286 0.0 0.0 
 Ti 0.3846153846153846 0.4778089050392576 0.9285714285714286 0.0 0.0 
 Ti 0.39743589743592306 0.7316246616970987 0.9642857142857144 0.0 0.0 
 Ti 0.4358974358974615 0.48836078737928673 0.9642857142857144 0.0 0.0 
 Ti 0.423076923076923 1.0128563299685867 0.0 0.0 0.0 
 Ti 0.3846153846153846 0.76907969402153 0.0 0.0 0.0 
 Ti 0.39743589743592306 1.018293362847839 0.03571428571428572 0.0 0.0 
 Ti 0.4358974358974615 0.761557237165651 0.03571428571428572 0.0 0.0 
 Ti 0.423076923076923 1.234965619794368 0.9285714285714286 0.0 0.0 
 Ti 0.3846153846153846 0.9778089050392575 0.9285714285714286 0.0 0.0 
 Ti 0.39743589743592306 1.2316246616970987 0.9642857142857144 0.0 0.0 
 Ti 0.4358974358974615 0.9883607873792868 0.9642857142857144 0.0 0.0 
 Ti 0.5 0.5 0.0 0.0 0.0 
 Ti 0.46153846153846156 0.2564704129338256 0.0 0.0 0.0 
 Ti 0.474358974359 0.5046503914085837 0.03571428571428572 0.0 0.0 
 Ti 0.5128205128205384 0.24767281612245495 0.03571428571428572 0.0 0.0 
 Ti 0.5 0.2500819754550623 0.9285714285714286 0.0 0.0 
 Ti 0.46153846153846156 0.4923752042122386 0.9285714285714286 0.0 0.0 
 Ti 0.474358974359 0.7452676331363539 0.9642857142857144 0.0 0.0 
 Ti 0.5128205128205384 0.0024091593326073333 0.9642857142857144 0.0 0.0 
 Ti 0.5 1.0 0.0 0.0 0.0 
 Ti 0.46153846153846156 0.7564704129338256 0.0 0.0 0.0 
 Ti 0.474358974359 1.0046503914085838 0.03571428571428572 0.0 0.0 
 Ti 0.5128205128205384 0.747672816122455 0.03571428571428572 0.0 0.0 
 Ti 0.5 0.7500819754550623 0.9285714285714286 0.0 0.0 
 Ti 0.46153846153846156 0.9923752042122387 0.9285714285714286 0.0 0.0 
 Ti 0.474358974359 1.245267633136354 0.9642857142857144 0.0 0.0 
 Ti 0.5128205128205384 0.5024091593326073 0.9642857142857144 0.0 0.0 
 Ti 0.5769230769230769 0.4871436700314132 0.0 0.0 0.0 
 Ti 0.5384615384615384 0.24352958706617442 0.0 0.0 0.0 
 Ti 0.5512820512820769 0.4907307852972647 0.03571428571428572 0.0 0.0 
 Ti 0.5897435897436153 0.23392739194947434 0.03571428571428572 0.0 0.0 
 Ti 0.5769230769230769 0.26503438020563197 0.9285714285714286 0.0 0.0 
 Ti 0.5384615384615384 0.007624795787761293 0.9285714285714286 0.0 0.0 
 Ti 0.5512820512820769 0.25935119015779756 0.9642857142857144 0.0 0.0 
 Ti 0.5897435897436153 0.016154583505587926 0.9642857142857144 0.0 0.0 
 Ti 0.5769230769230769 0.9871436700314132 0.0 0.0 0.0 
 Ti 0.5384615384615384 0.7435295870661743 0.0 0.0 0.0 
 Ti 0.5512820512820769 0.9907307852972648 0.03571428571428572 0.0 0.0 
 Ti 0.5897435897436153 0.7339273919494743 0.03571428571428572 0.0 0.0 
 Ti 0.5769230769230769 0.765034380205632 0.9285714285714286 0.0 0.0 
 Ti 0.5384615384615384 0.5076247957877612 0.9285714285714286 0.0 0.0 
 Ti 0.5512820512820769 0.7593511901577976 0.9642857142857144 0.0 0.0 
 Ti 0.5897435897436153 0.5161545835055878 0.9642857142857144 0.0 0.0 
 Ti 0.6538461538461539 0.4749258537278042 0.0 0.0 0.0 
 Ti 0.6153846153846153 0.23092030597847 0.0 0.0 0.0 
 Ti 0.6282051282051538 0.4773537691197362 0.03571428571428572 0.0 0.0 
 Ti 0.6666666666666923 0.2210827597389887 0.03571428571428572 0.0 0.0 
 Ti 0.6538461538461539 0.2789992157160695 0.9285714285714286 0.0 0.0 
 Ti 0.6153846153846153 0.022191094960742338 0.9285714285714286 0.0 0.0 
 Ti 0.6282051282051538 0.27272820633532613 0.9642857142857144 0.0 0.0 
 Ti 0.6666666666666923 0.028999215716073574 0.9642857142857144 0.0 0.0 
 Ti 0.6538461538461539 0.9749258537278042 0.0 0.0 0.0 
 Ti 0.6153846153846153 0.7309203059784699 0.0 0.0 0.0 
 Ti 0.6282051282051538 0.9773537691197361 0.03571428571428572 0.0 0.0 
 Ti 0.6666666666666923 0.7210827597389887 0.03571428571428572 0.0 0.0 
 Ti 0.6538461538461539 0.7789992157160694 0.9285714285714286 0.0 0.0 
 Ti 0.6153846153846153 0.5221910949607422 0.9285714285714286 0.0 0.0 
 Ti 0.6282051282051538 0.7727282063353262 0.9642857142857144 0.0 0.0 
 Ti 0.6666666666666923 0.5289992157160736 0.9642857142857144 0.0 0.0 
 Ti 0.7307692307692307 0.46381311397687525 0.0 0.0 0.0 
 Ti 0.6923076923076923 0.21921168934159563 0.0 0.0 0.0 
 Ti 0.7051282051282308 0.4651659196343126 0.03571428571428572 0.0 0.0 
 Ti 0.7435897435897693 0.20963371417350976 0.03571428571428572 0.0 0.0 
 Ti 0.7307692307692307 0.29133182618303854 0.9285714285714286 0.0 0.0 
 Ti 0.6923076923076923 0.03539204135892976 0.9285714285714286 0.0 0.0 
 Ti 0.7051282051282308 0.2849160558207497 0.9642857142857144 0.0 0.0 
 Ti 0.7435897435897693 0.040448261281552565 0.9642857142857144 0.0 0.0 
 Ti 0.7307692307692307 0.9638131139768753 0.0 0.0 0.0 
 Ti 0.6923076923076923 0.7192116893415955 0.0 0.0 0.0 
 Ti 0.7051282051282308 0.9651659196343126 0.03571428571428572 0.0 0.0 
 Ti 0.7435897435897693 0.7096337141735097 0.03571428571428572 0.0 0.0 
 Ti 0.7307692307692307 0.7913318261830385 0.9285714285714286 0.0 0.0 
 Ti 0.6923076923076923 0.5353920413589297 0.9285714285714286 0.0 0.0 
 Ti 0.7051282051282308 0.7849160558207497 0.9642857142857144 0.0 0.0 
 Ti 0.7435897435897693 0.5404482612815524 0.9642857142857144 0.0 0.0 
 Ti 0.8076923076923076 0.4540296155279061 0.0 0.0 0.0 
 Ti 0.7692307692307692 0.20875014927202368 0.0 0.0 0.0 
 Ti 0.7820512820513077 0.454498049388835 0.03571428571428572 0.0 0.0 
 Ti 0.8205128205128461 0.1997560379749945 0.03571428571428572 0.0 0.0 
 Ti 0.8076923076923076 0.30182125067925153 0.9285714285714286 0.0 0.0 
 Ti 0.7692307692307692 0.04680595460758223 0.9285714285714286 0.0 0.0 
 Ti 0.7820512820513077 0.29558392606622735 0.9642857142857144 0.0 0.0 
 Ti 0.8205128205128461 0.050325937480067806 0.9642857142857144 0.0 0.0 
 Ti 0.8076923076923076 0.9540296155279062 0.0 0.0 0.0 
 Ti 0.7692307692307692 0.7087501492720237 0.0 0.0 0.0 
 Ti 0.7820512820513077 0.9544980493888349 0.03571428571428572 0.0 0.0 
 Ti 0.8205128205128461 0.6997560379749945 0.03571428571428572 0.0 0.0 
 Ti 0.8076923076923076 0.8018212506792515 0.9285714285714286 0.0 0.0 
 Ti 0.7692307692307692 0.5468059546075822 0.9285714285714286 0.0 0.0 
 Ti 0.7820512820513077 0.7955839260662274 0.9642857142857144 0.0 0.0 
 Ti 0.8205128205128461 0.5503259374800678 0.9642857142857144 0.0 0.0 
 Ti 0.8846153846153846 0.44559342651271316 0.0 0.0 0.0 
 Ti 0.846153846153846 0.19964783560794463 0.0 0.0 0.0 
 Ti 0.8589743589743846 0.4453940440906784 0.03571428571428572 0.0 0.0 
 Ti 0.897435897435923 0.19139137146848936 0.03571428571428572 0.0 0.0 
 Ti 0.8846153846153846 0.3105648345808308 0.9285714285714286 0.0 0.0 
 Ti 0.846153846153846 0.056398022848432636 0.9285714285714286 0.0 0.0 
 Ti 0.8589743589743846 0.3046879313643839 0.9642857142857144 0.0 0.0 
 Ti 0.897435897435923 0.05869060398657292 0.9642857142857144 0.0 0.0 
 Ti 0.8846153846153846 0.9455934265127133 0.0 0.0 0.0 
 Ti 0.846153846153846 0.6996478356079445 0.0 0.0 0.0 
 Ti 0.8589743589743846 0.9453940440906784 0.03571428571428572 0.0 0.0 
 Ti 0.897435897435923 0.6913913714684893 0.03571428571428572 0.0 0.0 
 Ti 0.8846153846153846 0.8105648345808308 0.9285714285714286 0.0 0.0 
 Ti 0.846153846153846 0.5563980228484326 0.9285714285714286 0.0 0.0 
 Ti 0.8589743589743846 0.8046879313643839 0.9642857142857144 0.0 0.0 
 Ti 0.897435897435923 0.5586906039865729 0.9642857142857144 0.0 0.0 
 Ti 0.9615384615384616 0.4383973928478526 0.0 0.0 0.0 
 Ti 0.9230769230769231 0.19184982771594403 0.0 0.0 0.0 
 Ti 0.9358974358974615 0.4377232826515393 0.03571428571428572 0.0 0.0 
 Ti 0.974358974359 0.18436327572753544 0.03571428571428572 0.0 0.0 
 Ti 0.9615384615384616 0.4322812308367362 0.07142857142857144 0.0 0.0 
 Ti 0.9230769230769231 0.1857275593356332 0.07142857142857144 0.0 0.0 
 Ti 0.9358974358974615 0.43110657043341216 0.10714285714285716 0.0 0.0 
 Ti 0.974358974359 0.17781308982776972 0.10714285714285716 0.0 0.0 
 Ti 0.9615384615384616 0.4252151676340626 0.14285714285714288 0.0 0.0 
 Ti 0.9230769230769231 0.17855196041280721 0.14285714285714288 0.0 0.0 
 Ti 0.9358974358974615 0.4234028809527695 0.17857142857142858 0.0 0.0 
 Ti 0.974358974359 0.17029825382222727 0.17857142857142858 0.0 0.0 
 Ti 0.9615384615384616 0.4170995182337603 0.21428571428571433 0.0 0.0 
 Ti 0.9230769230769231 0.17017656902769782 0.21428571428571433 0.0 0.0 
 Ti 0.9358974358974615 0.41450424299021404 0.25 0.0 0.0 
 Ti 0.974358974359 0.16175479303785406 0.25 0.0 0.0 
 Ti 0.9615384615384616 0.4078905596619823 0.28571428571428575 0.0 0.0 
 Ti 0.9230769230769231 0.16050949681003587 0.28571428571428575 0.0 0.0 
 Ti 0.9358974358974615 0.4043863193220971 0.32142857142857145 0.0 0.0 
 Ti 0.974358974359 0.1521944611610006 0.32142857142857145 0.0 0.0 
 Ti 0.9615384615384616 0.3976477669780224 0.35714285714285715 0.0 0.0 
 Ti 0.9230769230769231 0.1495798662776927 0.35714285714285715 0.0 0.0 
 Ti 0.9358974358974615 0.3931722153509078 0.3928571428571429 0.0 0.0 
 Ti 0.974358974359 0.14174675210253995 0.3928571428571429 0.0 0.0 
 Ti 0.9615384615384616 0.38657726105521445 0.42857142857142866 0.0 0.0 
 Ti 0.9230769230769231 0.13760935412474187 0.42857142857142866 0.0 0.0 
 Ti 0.9358974358974615 0.38117939061604944 0.4642857142857143 0.0 0.0 
 Ti 0.974358974359 0.1306834229850774 0.4642857142857143 0.0 0.0 
 Ti 0.9615384615384616 0.37504098772753114 0.5 0.0 0.0 
 Ti 0.9230769230769231 0.12504098772753114 0.5 0.0 0.0 
 Ti 0.9358974358974615 0.3689025848390129 0.5357142857142857 0.0 0.0 
 Ti 0.974358974359 0.1193985524699849 0.5357142857142857 0.0 0.0 
 Ti 0.9615384615384616 0.3635047143998478 0.5714285714285715 0.0 0.0 
 Ti 0.9230769230769231 0.11247262133032038 0.5714285714285715 0.0 0.0 
 Ti 0.9358974358974615 0.3569097601041544 0.6071428571428572 0.0 0.0 
 Ti 0.974358974359 0.1083352233525223 0.6071428571428572 0.0 0.0 
 Ti 0.9615384615384616 0.35243420847703993 0.6428571428571429 0.0 0.0 
 Ti 0.9230769230769231 0.10050210917736957 0.6428571428571429 0.0 0.0 
 Ti 0.9358974358974615 0.3456956561329651 0.6785714285714286 0.0 0.0 
 Ti 0.974358974359 0.09788751429406167 0.6785714285714286 0.0 0.0 
 Ti 0.9615384615384616 0.34219141579307993 0.7142857142857143 0.0 0.0 
 Ti 0.9230769230769231 0.08957247864502642 0.7142857142857143 0.0 0.0 
 Ti 0.9358974358974615 0.3355777324648482 0.75 0.0 0.0 
 Ti 0.974358974359 0.08832718241720826 0.75 0.0 0.0 
 Ti 0.9615384615384616 0.33298245722130193 0.7857142857142858 0.0 0.0 
 Ti 0.9230769230769231 0.07990540642736448 0.7857142857142858 0.0 0.0 
 Ti 0.9358974358974615 0.32667909450229277 0.8214285714285715 0.0 0.0 
 Ti 0.974358974359 0.07978372163283502 0.8214285714285715 0.0 0.0 
 Ti 0.9615384615384616 0.3248668078209997 0.8571428571428573 0.0 0.0 
 Ti 0.9230769230769231 0.07153001504225506 0.8571428571428573 0.0 0.0 
 Ti 0.9358974358974615 0.31897540502165 0.8928571428571429 0.0 0.0 
 Ti 0.974358974359 0.07226888562729251 0.8928571428571429 0.0 0.0 
 Ti 0.9615384615384616 0.3178007446183261 0.9285714285714286 0.0 0.0 
 Ti 0.9230769230769231 0.06435441611942909 0.9285714285714286 0.0 0.0 
 Ti 0.9358974358974615 0.3123586928035229 0.9642857142857144 0.0 0.0 
 Ti 0.974358974359 0.06571869972752681 0.9642857142857144 0.0 0.0 
 Ti 0.9615384615384616 0.9383973928478527 0.0 0.0 0.0 
 Ti 0.9230769230769231 0.691849827715944 0.0 0.0 0.0 
 Ti 0.9358974358974615 0.9377232826515394 0.03571428571428572 0.0 0.0 
 Ti 0.974358974359 0.6843632757275354 0.03571428571428572 0.0 0.0 
 Ti 0.9615384615384616 0.9322812308367363 0.07142857142857144 0.0 0.0 
 Ti 0.9230769230769231 0.6857275593356332 0.07142857142857144 0.0 0.0 
 Ti 0.9358974358974615 0.9311065704334122 0.10714285714285716 0.0 0.0 
 Ti 0.974358974359 0.6778130898277698 0.10714285714285716 0.0 0.0 
 Ti 0.9615384615384616 0.9252151676340626 0.14285714285714288 0.0 0.0 
 Ti 0.9230769230769231 0.6785519604128072 0.14285714285714288 0.0 0.0 
 Ti 0.9358974358974615 0.9234028809527695 0.17857142857142858 0.0 0.0 
 Ti 0.974358974359 0.6702982538222273 0.17857142857142858 0.0 0.0 
 Ti 0.9615384615384616 0.9170995182337603 0.21428571428571433 0.0 0.0 
 Ti 0.9230769230769231 0.6701765690276978 0.21428571428571433 0.0 0.0 
 Ti 0.9358974358974615 0.914504242990214 0.25 0.0 0.0 
 Ti 0.974358974359 0.661754793037854 0.25 0.0 0.0 
 Ti 0.9615384615384616 0.9078905596619824 0.28571428571428575 0.0 0.0 
 Ti 0.9230769230769231 0.6605094968100358 0.28571428571428575 0.0 0.0 
 Ti 0.9358974358974615 0.9043863193220971 0.32142857142857145 0.0 0.0 
 Ti 0.974358974359 0.6521944611610005 0.32142857142857145 0.0 0.0 
 Ti 0.9615384615384616 0.8976477669780224 0.35714285714285715 0.0 0.0 
 Ti 0.9230769230769231 0.6495798662776927 0.35714285714285715 0.0 0.0 
 Ti 0.9358974358974615 0.8931722153509078 0.3928571428571429 0.0 0.0 
 Ti 0.974358974359 0.64174675210254 0.3928571428571429 0.0 0.0 
 Ti 0.9615384615384616 0.8865772610552145 0.42857142857142866 0.0 0.0 
 Ti 0.9230769230769231 0.6376093541247418 0.42857142857142866 0.0 0.0 
 Ti 0.9358974358974615 0.8811793906160496 0.4642857142857143 0.0 0.0 
 Ti 0.974358974359 0.6306834229850774 0.4642857142857143 0.0 0.0 
 Ti 0.9615384615384616 0.8750409877275311 0.5 0.0 0.0 
 Ti 0.9230769230769231 0.6250409877275311 0.5 0.0 0.0 
 Ti 0.9358974358974615 0.8689025848390128 0.5357142857142857 0.0 0.0 
 Ti 0.974358974359 0.6193985524699849 0.5357142857142857 0.0 0.0 
 Ti 0.9615384615384616 0.8635047143998478 0.5714285714285715 0.0 0.0 
 Ti 0.9230769230769231 0.6124726213303203 0.5714285714285715 0.0 0.0 
 Ti 0.9358974358974615 0.8569097601041545 0.6071428571428572 0.0 0.0 
 Ti 0.974358974359 0.6083352233525223 0.6071428571428572 0.0 0.0 
 Ti 0.9615384615384616 0.85243420847704 0.6428571428571429 0.0 0.0 
 Ti 0.9230769230769231 0.6005021091773696 0.6428571428571429 0.0 0.0 
 Ti 0.9358974358974615 0.8456956561329652 0.6785714285714286 0.0 0.0 
 Ti 0.974358974359 0.5978875142940616 0.6785714285714286 0.0 0.0 
 Ti 0.9615384615384616 0.84219141579308 0.7142857142857143 0.0 0.0 
 Ti 0.9230769230769231 0.5895724786450264 0.7142857142857143 0.0 0.0 
 Ti 0.9358974358974615 0.8355777324648482 0.75 0.0 0.0 
 Ti 0.974358974359 0.5883271824172083 0.75 0.0 0.0 
 Ti 0.9615384615384616 0.8329824572213019 0.7857142857142858 0.0 0.0 
 Ti 0.9230769230769231 0.5799054064273644 0.7857142857142858 0.0 0.0 
 Ti 0.9358974358974615 0.8266790945022927 0.8214285714285715 0.0 0.0 
 Ti 0.974358974359 0.579783721632835 0.8214285714285715 0.0 0.0 
 Ti 0.9615384615384616 0.8248668078209997 0.8571428571428573 0.0 0.0 
 Ti 0.9230769230769231 0.571530015042255 0.8571428571428573 0.0 0.0 
 Ti 0.9358974358974615 0.81897540502165 0.8928571428571429 0.0 0.0 
 Ti 0.974358974359 0.5722688856272925 0.8928571428571429 0.0 0.0 
 Ti 0.9615384615384616 0.8178007446183261 0.9285714285714286 0.0 0.0 
 Ti 0.9230769230769231 0.564354416119429 0.9285714285714286 0.0 0.0 
 Ti 0.9358974358974615 0.8123586928035229 0.9642857142857144 0.0 0.0 
 Ti 0.974358974359 0.5657186997275269 0.9642857142857144 0.0 0.0 
